-0.946892076025 0.0 0.0 0.0 0.0 0.0 0.0 
-0.96630944559 -0.885588692516 0.683317225702 -0.74756459725 -0.485089166927 0.656278975822 -1.00996096011 
-0.892508114956 -0.81795236318 0.631129263831 -0.690469779163 -0.448040759547 0.606156044804 -0.932825770049 
-0.83542339688 -0.765636222554 0.590762307507 -0.64630741019 -0.419384123247 0.567386372744 -0.873162339314 
-0.873691822528 -0.800707891561 0.61782348813 -0.675912957706 -0.438594945206 0.593376766717 -0.913159481105 
-0.789263016237 -0.723331853777 0.558120400318 -0.610596420795 -0.396211524973 0.536036076553 -0.824916735832 
-0.830985506402 -0.761569051687 0.587624092287 -0.642874131314 -0.417156293844 0.564372333887 -0.86852397409 
-0.716562734912 -0.656704597489 0.506711035782 -0.554353405913 -0.359715846426 0.486660934472 -0.748932333255 
-0.951332444051 -0.87186279625 0.672726370787 -0.735977960925 -0.477570683865 0.646107191539 -0.994307396005 
-0.765855294853 -0.701879498665 0.541567836014 -0.592487538709 -0.384460804624 0.520138482375 -0.800451607326 
-0.670133473939 -0.614153809326 0.473878992234 -0.518434403012 -0.336408269718 0.455128025446 -0.700405703195 
-0.725658525921 -0.665040570716 0.513143044397 -0.561390169729 -0.364281950693 0.492838434273 -0.758439012365 
-0.583536815903 -0.534791011502 0.412642927126 -0.451440754048 -0.292936583813 0.396315016523 -0.609897176872 
-0.619436088699 -0.567691435069 0.438028782147 -0.479213457225 -0.310958086566 0.420696376025 -0.647418143044 
-0.657543890163 -0.602615897649 0.464976378792 -0.508694741283 -0.330088274882 0.446577680435 -0.687247404706 
-0.697996089313 -0.639688918427 0.493581795642 -0.539989718377 -0.350395355265 0.474051206591 -0.729526968544 
-0.489087444643 -0.448231477612 0.345853884927 -0.378372021761 -0.245522821037 0.332168756833 -0.511181203314 
5.28834684568e-14 5.28834684568e-14 -1.98313006713e-14 6.16973798662e-14 2.64417342284e-14 -1.98313006713e-14 5.28834684568e-14 
0.489087444643 0.448231477612 -0.345853884927 0.378372021761 0.245522821037 -0.332168756833 0.511181203314 
0.470003421035 0.430741639764 -0.332358785478 0.363608075814 0.235942605139 -0.319207646368 0.491235088853 
0.670760522355 0.614728477192 -0.474322404006 0.518919505583 0.336723049207 -0.455553891812 0.701061077541 
0.631886754082 0.579102032914 -0.446833160668 0.488845647715 0.317208344106 -0.429152373183 0.660431247719 
0.595265905903 0.545540310833 -0.420937049961 0.460514713205 0.298824609148 -0.404280948355 0.622156110127 
0.740244262292 0.678407886187 -0.523457219589 0.572674112141 0.371604017902 -0.502744486802 0.773683636514 
0.730055681674 0.669070409637 -0.516252454414 0.564791935059 0.366489331187 -0.495824807724 0.763034802737 
0.734814483258 0.673431684271 -0.5196175991 0.568473479937 0.368878258571 -0.499056796653 0.768008575723 
0.688499860413 0.630985957928 -0.486866620895 0.532643164367 0.34562823042 -0.467601745287 0.719601762389 
0.410711145755 0.376402350439 -0.290430774493 0.317737877513 0.206177770953 -0.27893868918 0.429264377978 
0.795038206829 0.728624613264 -0.562204275552 0.61506427325 0.399110681559 -0.539958356506 0.830952811606 
0.752589017665 0.689721421225 -0.532186704778 0.582224367621 0.377801108417 -0.51112855409 0.78658604686 
0.789263016237 0.723331853777 -0.558120400318 0.610596420795 0.396211524973 -0.536036076553 0.824916735831 
0.797953941993 0.731296782209 -0.56426611203 0.617319969284 0.400574386119 -0.541938607963 0.834000260536 
0.886235013895 0.812203286224 -0.626693295588 0.685616728942 0.444891650966 -0.601895603847 0.926269291481 
0.954280387841 0.87456448327 -0.674810983311 0.738258574472 0.479050557216 -0.648109317815 0.997388508534 
0.938704448622 0.860289681641 -0.663796594883 0.726208582844 0.471231406307 -0.63753075886 0.981108950676 
0.959793355174 0.879616924344 -0.678709429674 0.742523563521 0.48181807723 -0.651853506151 1.00315051553 
0.966453287304 0.0 0.0 0.0 0.0 0.0 0.0 
0.923739188597 0.128049221357 0.12278205964 0.100641646151 -0.0809565384263 0.151605030074 -0.980879328955 
0.770959937163 0.1342653944 0.0762809429931 0.195865915363 -0.0904631268136 0.157172301675 -0.933752788463 
0.633546326021 0.134179438343 0.0384597814696 0.2652993792 -0.0953468399075 0.156591266801 -0.87500413265 
0.543562592371 0.137466536481 0.00910699080788 0.33201852739 -0.102470132293 0.160767912535 -0.85867338596 
0.489373543907 0.144460954819 -0.0149954883473 0.402387258425 -0.112357218533 0.169926347746 -0.880188876828 
0.377906700868 0.140211382001 -0.0439196367841 0.456724591967 -0.114929827371 0.16636380389 -0.83080979166 
0.312156206413 0.14161953233 -0.0664334865603 0.517158329411 -0.121412667478 0.169933723637 -0.831097054178 
0.221871903928 0.136953086947 -0.089627689269 0.566485916991 -0.123750735481 0.166718928308 -0.796549062954 
0.110269256748 0.125790202558 -0.111890470841 0.599726123419 -0.121227452434 0.156082406085 -0.725024444995 
-0.459932286993 0.0121731523847 -0.152472386975 0.393462976171 -0.0414833581378 0.0233917247956 0.0295137792534 
-0.84119755954 -0.0806380712681 -0.16010507486 0.167276191395 0.0287676915903 -0.0862546490418 0.625472708665 
-0.856573860075 -0.102614321457 -0.139718920738 0.0688127824619 0.0491965531909 -0.112712218722 0.74215626785 
-0.2678279597 0.0242070452023 -0.111337047935 0.370016722313 -0.0472019694167 0.0399062116743 -0.127656626015 
-0.815976374371 -0.11993899685 -0.107394791458 -0.0402840012041 0.0681196211573 -0.133955344506 0.817027040002 
-0.741756946175 -0.120958873226 -0.0832941921337 -0.100600344672 0.0741909755466 -0.13677039044 0.809098889511 
-0.702698870426 -0.13072938867 -0.0593412239527 -0.190595017677 0.0878026387377 -0.150695845132 0.865068587506 
-0.627703865624 -0.130306202544 -0.0365266859167 -0.252977493561 0.0934209835819 -0.152597000929 0.85823370691 
-0.431933166819 -0.0899546514264 -0.0244792973219 -0.171489941298 0.0642358994454 -0.105008321042 0.588142190241 
-0.533140095903 -0.14055899835 0.00500815510075 -0.410459105888 0.113661214203 -0.170507417359 0.930481530235 
-0.461700909121 -0.143754723433 0.0302817664605 -0.507477905402 0.124374375319 -0.178486865618 0.961990978487 
-0.321672631404 0.257633225389 -0.341200071746 -0.7629111338 -0.272283189631 -0.604391469946 0.904789883037 
-0.0552999415691 0.765505071773 -0.807297446256 -0.673885216194 -0.793789395247 -0.973274797817 0.386520063276 
-0.106190711316 0.788228084447 -0.870983879815 -0.557044536102 -0.856205913752 -0.964997518324 0.37386916578 
-0.517954631592 -0.114831502983 -0.0295478462522 -0.376280047308 0.0450585653569 -0.12973708282 0.953287766586 
0.0394691020561 -0.455417143011 0.457575646275 0.616589762251 0.435253760608 0.660393856758 -0.382336110845 
0.135296775306 -0.6991901499 0.757126905252 0.744678862341 0.72853440072 0.953366626243 -0.549665446738 
-0.449095377042 0.446854901135 -0.587120419772 -0.664031023684 -0.541835015788 -0.730820611719 0.949485235311 
-0.233070115427 0.411804609341 -0.513009397852 -0.244493968574 -0.504712906202 -0.508326668712 0.396693162437 
0.244618219313 -0.64939755039 0.744234548792 0.746365669685 0.705802678792 0.926436911905 -0.701821721301 
0.0807224833038 -0.575240523913 0.643088119936 0.391477587569 0.62711782922 0.705983709948 -0.273619130472 
-0.495638720725 0.706082797149 -0.878838743806 -0.624488800226 -0.855022613385 -0.952809637675 0.936710774283 
-0.543005721797 0.714274830712 -0.899055470751 -0.489719877834 -0.890238985596 -0.907059024155 0.909556196751 
-0.575813470317 -0.329029934967 0.269174366671 -0.180592165883 0.258758118668 0.225700730953 0.881096259542 
0.385031030139 -0.469394960033 0.596257797775 0.679954300182 0.556936076732 0.747756001355 -0.870793149115 
0.487337826883 -0.541154771096 0.694299340671 0.634491963373 0.66625753108 0.799553681145 -0.955132298863 
-0.595473126539 0.139585350088 -0.239102897713 -0.36020258546 -0.249773459904 -0.28473464174 0.947532247913 
-0.636760470547 0.471489171759 -0.612832731012 -0.311174355889 -0.632184439972 -0.584279373766 0.923083065579 
-0.655122379193 0.4726157322 -0.601813493746 -0.207009643626 -0.635978139041 -0.534521197119 0.875203499738 
-0.668520076016 -0.418152370876 0.440382020998 -0.131447835562 0.382419508581 0.392352582013 0.905956546644 
0.451062053318 -0.287675039784 0.418664750671 0.552990624441 0.397123697265 0.523700956667 -0.89802205632 
0.51725929249 -0.317266527781 0.450519184263 0.488811699916 0.440824734377 0.520725852863 -0.923218853781 
-0.310076210863 -0.296563561521 0.349905868884 -0.0164036268286 0.311667618397 0.318359881908 0.374780275631 
-0.294158754876 0.131853381308 -0.142598361609 0.0451587994239 -0.172286907046 -0.0888138952044 0.284295079217 
0.550284697668 -0.248279010843 0.358978166207 0.379398415047 0.368329950053 0.396537630693 -0.89024462794 
-0.739127110617 -0.0884670253262 0.098718535549 -0.178085847601 0.0396298701081 0.0696370072238 0.942769620602 
-0.690774214783 0.245111035922 -0.274649269403 -0.0441079598754 -0.326478335703 -0.215146369415 0.773246382415 
0.566188660344 -0.184536416578 0.282215279446 0.3526973753 0.301879127592 0.315409238884 -0.89578576512 
0.651344169139 -0.512207954318 0.653844339248 0.245427273534 0.680467257164 0.596014241608 -0.907922856969 
-0.238278114142 0.0687123495824 -0.0586873123959 0.0439617407009 -0.0768439624767 -0.0310608902409 0.210967181293 
0.547483953981 -0.13115874848 0.17930818696 0.196472341009 0.212780053259 0.182501461686 -0.748064204605 
-0.810760268555 -0.0534931665779 0.0939541137436 -0.104396334729 0.0345315617414 0.0756906873292 0.924173971756 
0.411447670279 -0.0592756086976 0.0876168441991 0.161043227461 0.118120459088 0.0979713975636 -0.576196524566 
0.786582704773 -0.13184057759 0.150411843901 0.14733629666 0.20415950572 0.139216551869 -0.951138730538 
-0.886093112064 -0.00986128117359 0.0532497676233 -0.070031969 -0.00500435394592 0.0469710053932 0.964859712464 
-0.477900292229 0.0590071426331 -0.0320406108403 0.0542336446385 -0.0542874312082 -0.00931603776483 0.435284132605 
0.799886751018 -0.0710450406401 0.0650956807844 0.121271660869 0.121905055317 0.0614377323456 -0.935746866091 
-0.646854936009 -0.16520453378 0.247241192731 0.0125696763152 0.214445972983 0.215419308363 0.621628073394 
-0.986111571013 0.0417777865696 0.0226105775601 0.1021584269 -0.0149722298381 0.0484974248896 0.895895544919 
-0.672685755883 0.0412323293386 0.0137816064097 0.166398725177 0.00328146124199 0.0457418912268 0.514518890907 
0.60500863368 -0.473183898185 0.551716550705 0.0621714904338 0.604898377877 0.45252474433 -0.727159565379 
0.841042433679 0.0542313976573 -0.114469742631 0.074414845354 -0.0527427061962 -0.0965220658544 -0.917437626334 
0.214881154038 0.0207732886973 -0.0349369561312 0.0730786876761 -0.00777526569767 -0.0216020743708 -0.288283491383 
0.951581173624 -0.097983049547 0.0539499867515 -0.062006375691 0.0964751215045 0.021596732037 -0.906208140006 
-1.00785906774 -0.115441800426 0.207075011539 0.178837414047 0.195102463684 0.211291100442 0.825442975688 
-0.91348599694 -0.0944298798888 0.171173436912 0.24341288048 0.180720841149 0.190971482235 0.669205745531 
-0.914592222928 -0.70859558887 0.904051595677 0.277315701576 0.93496529334 0.805075227872 0.591160219787 
-0.906967741209 -0.156843815653 0.217722099933 0.392886294049 0.273395441917 0.258548439601 0.521918877621 
0.862952319801 0.201465477699 -0.326515132468 0.0247624776271 -0.268827950669 -0.270342997677 -0.865276164663 
0.910153517389 -0.44597225015 0.453758545381 -0.0495862415684 0.498642230934 0.369223226876 -0.871448208642 
-0.902213010853 -0.241485747948 0.294211287927 0.432096944818 0.363151216276 0.340013247744 0.48937933968 
-0.837894584951 -0.213245855841 0.239048032329 0.479109845226 0.324289472631 0.309061543932 0.387205390978 
0.62692502186 -0.857209779319 0.932062508995 0.121424751278 0.992144961562 0.825864178861 -0.719931148964 
0.958287075075 0.428510255514 -0.614124773588 -0.115604501435 -0.589050649954 -0.523421764264 -0.798660864484 
0.88757390381 0.385460173092 -0.537027514477 -0.173806118959 -0.533151801025 -0.474443199095 -0.687357824889 
0.94089992969 -0.202079072535 0.176574059367 -0.171640467374 0.165481401632 0.129736470567 -0.732693776647 
-0.915135816184 -0.457476749861 0.493952515321 0.575051219787 0.591807124477 0.569915981116 0.408557992137 
0.798102591117 0.454662793421 -0.592392327792 -0.25345101792 -0.614145509221 -0.541352302884 -0.534355614893 
0.947198660788 -0.0184663163346 -0.013112216183 -0.268961089331 -0.0578518813716 -0.0540610929933 -0.642878888193 
-0.940552391619 -0.621667299994 0.655346502731 0.687692596038 0.767860315878 0.754288852929 0.364731213188 
0.715116290915 0.530784753804 -0.649965223332 -0.335661267914 -0.692806811605 -0.618952266807 -0.398216437085 
0.957739766266 0.220153693144 -0.251734396818 -0.413860280333 -0.330896992123 -0.304954544849 -0.541372953448 
-0.943641890473 -0.828609968253 0.858321329582 0.835061881046 0.984848792221 0.991114705004 0.286885413189 
0.285079268412 0.309315492687 -0.392831060628 -0.124572881623 -0.406130874062 -0.34602782191 -0.160922214453 
0.93923250718 0.21590970374 -0.218327598857 -0.441376996442 -0.317954516955 -0.289583290926 -0.492409587997 
-0.72183280915 -0.83476834601 0.825750465857 0.859191283201 0.941065781814 1.00454635754 0.106010478974 
-0.0373281721362 0.0402665526585 -0.117546213607 0.153275595581 -0.0939991236809 -0.0177091053116 -0.0515665589713 
0.817954585589 -0.457010875567 0.524446971605 0.00525124963487 0.429906185684 0.511066973921 -0.605134503704 
0.389134434833 0.81106690991 -0.896516557253 -0.530552018143 -0.951429674689 -0.930704621023 -0.0204813983574 
0.453886632932 0.839902957098 -0.877302022862 -0.688563230864 -0.949963040261 -0.989643577169 0.00643726541317 
0.0374681558673 -0.804558848296 0.846337392211 0.571190172175 0.84835121305 0.963400670469 -0.298490447208 
-0.306115470035 -0.745300839918 0.697591498008 0.803490157345 0.756059358318 0.931720869131 -0.159732168929 
-0.0390751284778 0.102346517419 -0.175863604305 0.100912483178 -0.16634615532 -0.0822441927 -0.0161701390657 
0.97814155786 -0.186437774878 0.316142920879 -0.199470785035 0.136972919061 0.248878127877 -0.5812505255 
-0.17164679143 -0.713023748259 0.640076429235 0.860534351729 0.666678723184 0.936540849071 -0.273313637179 
0.0196587450008 0.810331800161 -0.886779203663 -0.513751027694 -0.895391747513 -0.950258346607 0.229640849449 
0.986218054041 0.155242024387 0.0117299217064 -0.482814605069 -0.196981868855 -0.147605625001 -0.444885362554 
-0.08426600425 0.204744094369 -0.261103514302 -0.00436266538656 -0.254091684649 -0.210790387892 0.0639674015326 
-0.107878875763 0.774164575581 -0.816002726372 -0.600480729218 -0.793672650638 -0.958966562582 0.350316985399 
0.476247238558 -0.0030397602407 0.105248537838 -0.153950441256 -0.0096803581811 0.0412171302724 -0.248790339024 
0.179148916646 -0.691083637706 0.689230162326 0.748187308434 0.622882034844 0.949224161621 -0.461676740158 
0.00990142149436 -0.251734288106 0.207544319206 0.422933441599 0.179880638544 0.390712473389 -0.200464906448 
0.952353683638 0.20553621168 0.0510125125576 -0.506607389696 -0.203420962267 -0.162668687685 -0.406798532152 
-0.424280556881 0.65485327935 -0.747193604638 -0.44551175589 -0.645922942701 -0.852308363642 0.485983568323 
-0.409847144314 0.697832513346 -0.769318504194 -0.608914246631 -0.651663226062 -0.953925791048 0.552950649936 
0.2040767207 0.719767649786 0.971770096503 0.00304898495267 -0.742141094126 0.858849726953 0.155838532295 
0.180406392907 0.077963239081 0.858918880039 0.41600119698 -0.155021837914 0.948700059479 -0.169750857867 
0.124572155269 0.0155387923018 0.781275003734 0.486887455758 -0.122542734508 0.911834947245 -0.210731399916 
0.976623098495 -0.0614417891831 0.406342091476 -0.170660308521 0.0494218239608 0.272988302459 -0.633854059623 
0.112203018517 0.0613196521584 0.710729656532 0.481281539623 -0.193037473325 0.844502311838 -0.241120340701 
-0.388231234212 0.00525202391086 -0.570481339219 -0.0376934240516 -0.052026733889 -0.524315740179 0.141449538633 
0.936701974541 -0.0649005214009 -0.336742706496 -0.575522947174 0.156740460748 -0.569555812221 -0.557850732236 
-0.157227258344 0.0630409465628 0.0397937644957 0.198930851612 -0.149000249722 0.122658171751 -0.0346293732854 
-0.584761734442 0.00249072229637 -0.915057945312 -0.23317604827 0.0193503045146 -0.914975254214 0.365673140776 
0.419084711251 -0.0491054218703 -0.715921998232 -0.600985667129 0.181689456449 -0.910393317605 -0.186421756486 
0.292173356785 0.0469089828473 0.605260399734 0.375680971862 -0.171911791765 0.699984227618 -0.384207384776 
-0.69319519901 -0.000934898539444 -0.933693727846 -0.276908690773 0.0531697759465 -0.948654703503 0.511412632327 
0.952791476923 -0.0454140835151 0.110307623385 -0.210756081395 0.0984851250745 -0.00485561688723 -0.691508005964 
0.594694695409 0.0627591141061 0.827599132208 0.482877748635 -0.230739589965 0.942289986789 -0.695809286923 
-0.22856098534 0.00317326877799 -0.162759937312 0.140585514284 -0.0832974554921 -0.0847184938326 0.00348815794715 
0.918268571846 -0.0817707516152 -0.762200993706 -0.730477884869 0.325391973994 -1.00450991353 -0.542448959154 
-0.784530590271 0.0705469517931 -0.528528868003 -0.0633627453386 -0.0818316350245 -0.494190072314 0.560919007666 
-0.977979153787 -0.00218170779133 -0.802357968495 -0.232761725344 0.0746634228312 -0.806539522963 0.828747918142 
0.937231966564 -0.0485617297721 -0.0613284895342 -0.224373712634 0.135854599512 -0.158548915363 -0.728204289071 
0.308329828607 0.0424363362464 0.229314014854 0.215766087381 -0.132880123883 0.293401485595 -0.430131808004 
-0.94504356698 -0.013132671442 -0.565675595752 -0.125079014436 0.0492343672526 -0.550562537143 0.806546119959 
-0.00488702659949 0.074340206275 -0.357682738419 -0.340104038671 0.0520205327809 -0.463055822831 0.137157826723 
0.901276684599 0.0345652917268 0.355221259734 0.211772575169 -0.120857335448 0.400905139041 -0.961973860944 
0.73342644319 0.0327761172442 0.273538556023 0.27944551059 -0.154257922259 0.358195894944 -0.902733989413 
0.501375171084 0.606396196259 -0.168004772593 -0.75921985209 -0.345959595039 -0.469062973407 -0.118721104203 
-0.330918226464 -0.0242522704401 -0.149386336816 0.161029213801 -0.0497202210538 -0.0603315516747 0.102110122808 
-0.933742426822 -0.113454313722 -0.340041983119 0.0635596324653 0.085370388577 -0.270311862145 0.758216373068 
-0.186573267001 0.294275878004 -0.260969429924 -0.487617050363 -0.113967980704 -0.431453841998 0.405181222411 
0.777282498181 0.198900541122 0.169867130707 0.107014541783 -0.265669974234 0.196726489218 -0.913703998903 
0.649192018232 0.17704392436 0.113900144233 0.180893772873 -0.279453633463 0.177418160981 -0.88094663283 
0.397041668193 0.719384828365 -0.29412661863 -0.911646184414 -0.384920241762 -0.626404730796 0.0215144153155 
-0.617072548248 -0.170283095278 -0.188218629807 0.237598158357 0.0741977621964 -0.0648408503026 0.36687720203 
-0.926556789516 -0.287626398196 -0.221009953373 0.201777431159 0.219123880668 -0.113050868272 0.760940359062 
-0.756152488162 0.00515428260396 -0.297227681974 -0.356844752025 0.156090606746 -0.402705947808 0.986023456014 
0.811745745185 0.374357174326 0.0391995124157 -0.0445858476819 -0.39375577482 0.0223340170054 -0.943772515649 
0.70328418615 0.341107653108 -0.00724008313962 0.0453526444548 -0.400597971354 0.0155840680888 -0.932444799631 
0.510462841798 0.845293874329 -0.362985875573 -0.989562327365 -0.474685552322 -0.692580433073 -0.0735795409312 
-0.601623714382 -0.27834776802 -0.118212071453 0.325309340254 0.154035985335 0.022340983559 0.363642067529 
-0.941777829898 -0.487948666302 -0.0716137450692 0.350552450353 0.376255727784 0.0720855105461 0.806257829211 
0.408646785967 0.688861192036 -0.316573984372 -0.773541170937 -0.401052691541 -0.560482371729 -0.0739064521496 
0.584483533293 0.429578092348 -0.158730685312 -0.0485818471108 -0.453917862309 -0.150485740485 -0.798722092179 
-0.899812544673 -0.555671382283 -0.00661857897391 0.43723517678 0.41113820733 0.153612927749 0.739725382208 
-0.0700789793021 0.432772268963 -0.324730378895 -0.690889089864 -0.15733831807 -0.523711951762 0.473911576488 
0.719389073966 0.611068980723 -0.264337316333 -0.173423200592 -0.59668617082 -0.287389846013 -0.910739989386 
-0.517987023001 -0.358735508181 -0.00898566614516 0.382458961784 0.219688630611 0.128076574832 0.324966469833 
-0.440196920561 0.19839779111 -0.288313306758 -0.625817015468 0.0653733000473 -0.452848263967 0.935826365302 
0.745216899975 0.741557442537 -0.387145788993 -0.265093022148 -0.700447699888 -0.424006013882 -0.911503946036 
-0.634430379835 -0.534664757446 0.0882316491763 0.509813555683 0.356098650731 0.253156228219 0.434986721844 
-0.0769348222863 0.613590010081 -0.479518672088 -0.943277414823 -0.261218110398 -0.706875033972 0.680513249468 
-0.428297793831 -0.407576763125 0.071549025915 0.451838155775 0.239713345138 0.219649995036 0.225197761594 
-0.929822354786 -0.978796142598 0.390287282805 0.731832782124 0.748442761615 0.584776109248 0.769753847251 
-0.265074079773 0.0676551702419 -0.132859790861 -0.326805773292 0.0587158445448 -0.200654878476 0.574451664418 
0.394203829081 0.537937639984 -0.359731480036 -0.252812623338 -0.488856362105 -0.388586234084 -0.423848191756 
0.132437208193 0.214917783727 -0.206832130523 0.00489339833925 -0.245602498781 -0.175146240924 -0.230611320931 
-0.516127461931 -0.108928939082 -0.0645227260355 -0.327797410015 0.234875514624 -0.118436059909 0.948564240817 
0.575178276419 0.926587233702 -0.668562053257 -0.493553783876 -0.828183219074 -0.719518215398 -0.538160305512 
-0.4423437476 -0.618032539843 0.285336829386 0.595150363546 0.417792760452 0.434074904066 0.217971879052 
-0.518000778645 -0.124561695894 -0.0432075335107 -0.328115393005 0.23480992838 -0.0836246252628 0.970229225637 
0.0939426787478 0.23165203631 -0.250377466649 -0.0182927881045 -0.268862303854 -0.208847721173 -0.146001210642 
-0.533434782376 -0.944788440247 0.591482540377 0.786485122174 0.715333279907 0.740526191119 0.252147225575 
0.0665201684721 0.859144440497 -0.719832348108 -0.954192006774 -0.616820025143 -0.834541968834 0.531325878129 
0.395698741211 1.00634612068 -0.865864329054 -0.576069810271 -0.928094287367 -0.876831228169 -0.221390563742 
-0.284646637863 -0.569816677755 0.320608217705 0.619103808764 0.366648715124 0.454729884581 0.000613262369228 
-0.776406829312 -0.893563949987 0.59450279531 0.265459622111 0.838093365409 0.64060729985 0.977746355231 
-0.160238865558 -0.424574128089 0.282241866838 0.443658352262 0.291047679657 0.36247594251 -0.0595210683131 
-0.312832057631 -0.977587182981 0.79466680851 0.767954856416 0.8150664428 0.864416678684 -0.0391670542681 
-0.286649696826 -0.932953916383 0.788662941918 0.677734855302 0.808006692498 0.831617586509 -0.0167340951345 
0.709419185685 0.0 0.0 0.0 0.0 0.0 0.0 
0.662781778212 0.573926670617 -0.625787740918 0.534718002807 0.481026213125 -0.625396853061 0.901064430619 
0.695661555179 0.602398456573 -0.656832289857 0.561244695679 0.504889323311 -0.656422010541 0.945765112631 
0.668058227357 0.57849573843 -0.630769678108 0.538974927848 0.484855694312 -0.630375678367 0.908237863565 
0.620895036469 0.537655428676 -0.586238962796 0.500924685571 0.450626130589 -0.585872778422 0.844118608721 
0.59276707174 0.513298408493 -0.559680997439 0.47823165203 0.430211736588 -0.559331402055 0.805878105803 
0.614322579263 0.531964100691 -0.580033355939 0.495622169258 0.445856047427 -0.579671047794 0.835183228171 
0.720341537539 0.623769744337 -0.680134726518 0.581155971623 0.522801279922 -0.679709891724 0.979318017952 
0.621153916925 0.537879602609 -0.586483393498 0.501133544723 0.450814017899 -0.586117056445 0.844470561623 
0.577553866585 0.500124744897 -0.545316937353 0.46595796717 0.419170469756 -0.544976314239 0.785195464108 
0.505367243136 0.43761574145 -0.477159505304 0.407719360756 0.366779684045 -0.476861455591 0.687056376864 
0.547240308035 0.473875140118 -0.516695369972 0.441501643809 0.397169840356 -0.516372624842 0.743983604832 
0.440062171776 0.381065722406 -0.415499522455 0.35503264172 0.31938331286 -0.41523998762 0.59827289054 
0.467134862857 0.404508943037 -0.441061115651 0.376874303307 0.339031822367 -0.440785614194 0.635078728867 
0.495873069971 0.429394394132 -0.46819526191 0.400059667204 0.359889111137 -0.467902811562 0.67414886791 
0.526379255915 0.455810801926 -0.496998704933 0.42467139818 0.382029543454 -0.496688262996 0.715622607791 
0.36883513981 0.319387663868 -0.348248121026 0.297568212958 0.26768896853 -0.348030593656 0.501438386163 
0.383811325515 0.332356083766 -0.362388391215 0.309650675653 0.278558214085 -0.362162031361 0.521798795409 
0.605059381057 0.523942762929 -0.571287195333 0.488148821307 0.439133108896 -0.570930350332 0.822589734066 
-0.407423456063 -0.352802680092 0.384682579618 -0.328700431853 -0.295695157367 0.384442294072 -0.553899935886 
-0.391525933158 -0.33903644105 0.369672397878 -0.315874654234 -0.284157234188 0.369441488191 -0.532286951197 
-0.37624872612 -0.325807355912 0.355247908259 -0.303549334039 -0.273069516797 0.355026008588 -0.511517297725 
-0.708816464787 -0.613789767744 0.669252940871 -0.571857792213 -0.514436743835 0.668834903203 -0.963649462391 
-0.52232286187 -0.452298223872 0.493168723861 -0.421398787204 -0.379085539967 0.492860674257 -0.710107862953 
-0.440682416507 -0.381602814712 0.41608514741 -0.355533041753 -0.31983346702 0.415825246774 -0.599116125046 
-0.440062171776 -0.381065722406 0.415499522455 -0.35503264172 -0.31938331286 0.41523998762 -0.59827289054 
-0.547240308035 -0.473875140118 0.516695369972 -0.441501643809 -0.397169840356 0.516372624842 -0.743983604832 
-0.505367243136 -0.43761574145 0.477159505304 -0.407719360756 -0.366779684045 0.476861455591 -0.687056376864 
-0.506460866329 -0.438562749256 0.478192086478 -0.408601672293 -0.367573401434 0.477893391781 -0.68854317839 
-0.601175164815 -0.520579279851 0.567619781733 -0.485015119658 -0.436314066654 0.56726522752 -0.817309068224 
-0.555067497519 -0.480652986082 0.524085674573 -0.447816450984 -0.402850568826 0.523758313212 -0.754624817773 
-0.569770313697 -0.493384685437 0.537967833715 -0.459678365057 -0.413521411358 0.537631801095 -0.77461357595 
-0.710707532767 -0.615427311782 0.671038456403 -0.573383464955 -0.515809221624 0.670619303442 -0.966220405269 
-0.735390966371 -0.636801588103 0.694344151672 -0.593297525289 -0.533723683041 0.693910441198 -0.999778002622 
-0.683709773061 -0.592048976934 0.645547612189 -0.551602256382 -0.496215094958 0.645144381658 -0.929516437573 
-0.683881627139 -0.592197791585 0.645709874005 -0.551740904534 -0.496339821254 0.64530654212 -0.929750076459 
-0.708304372461 -0.61334632851 0.668769431652 -0.5714446472 -0.514065083297 0.668351696 -0.962953263136 
-0.735200967544 -0.636637061259 0.69416475788 -0.593144238345 -0.533585787855 0.693731159461 -0.999519695604 
