-0.361159247197 0.0 0.0 0.0 0.0 0.0 0.0 
-0.373498497131 0.68609577219 0.23747868936 -0.949878281155 0.494330488827 -0.999054974393 0.664003512297 
-0.368477335906 0.676872180892 0.234286122868 -0.937108505559 0.487684911664 -0.985624087421 0.655076920316 
-0.348181986727 0.639590763768 0.221381886411 -0.8854935418 0.460823732951 -0.931336935773 0.618995963521 
-0.338605535472 0.621999360405 0.215292964742 -0.861138790368 0.448149165673 -0.905721300538 0.601971002731 
-0.298732595172 0.548755007417 0.189940858439 -0.759734259192 0.395376771083 -0.799066897224 0.53108511535 
-0.328879767355 0.604133670348 0.209109104075 -0.836404297531 0.435276975438 -0.879706264087 0.58468058727 
-0.306475188138 0.562977716049 0.194863772035 -0.779425157427 0.405624201247 -0.819777224244 0.544849853262 
-0.362734226461 0.666322411243 0.230634525567 -0.922502677236 0.480083825928 -0.970262092384 0.64486685288 
-0.294004703551 0.540070135917 0.186934759313 -0.74771032442 0.389119340346 -0.786420464429 0.522679896409 
-0.265219235844 0.487192847667 0.168632315806 -0.674503361616 0.351021370925 -0.70942346197 0.471505254994 
5.95518814099e-15 -1.0208893956e-14 -3.40296465199e-15 1.3611858608e-14 5.10444697799e-15 -1.0208893956e-14 -1.0208893956e-14 
0.265219235844 -0.487192847667 -0.168632315806 0.674503361616 -0.351021370925 0.70942346197 -0.471505254994 
0.303103133879 -0.556783441673 -0.192719744597 0.770849376995 -0.401161240237 0.810757462165 -0.538855034304 
0.274395313028 -0.504048786336 -0.174466670696 0.697839885027 -0.363166037515 0.733968153918 -0.487818433026 
0.274357505531 -0.503979336088 -0.174442631845 0.697743733317 -0.363115998765 0.733867024282 -0.487751219074 
-0.0716610508033 0.131637327498 0.0455636971866 -0.182247790247 0.094844403781 -0.191683045113 0.127398610152 
0.283994999327 -0.521682871172 -0.180570365726 0.722253727632 -0.3758713567 0.75964593957 -0.504884700947 
0.302510716091 -0.555695203453 -0.192343072131 0.769342744988 -0.400377167002 0.809172829448 -0.537801837316 
0.313974668232 -0.576753839985 -0.199632109036 0.798497773023 -0.415549868122 0.83983725916 -0.558182386488 
0.336973471682 -0.619001350842 -0.21425526212 0.85698813927 -0.445989106403 0.901355763701 -0.599069528971 
0.330989857125 -0.608009786802 -0.210450746296 0.84177066034 -0.438069708784 0.885350451942 -0.58843189291 
0.350100144777 -0.643114312428 -0.222601494156 0.89037178545 -0.46336244198 0.936467733773 -0.622406054037 
0.33683983831 -0.61875587384 -0.214170295036 0.856648283986 -0.445812240765 0.900998313575 -0.59883195632 
0.363538343538 -0.667799529172 -0.231145801171 0.924547701119 -0.481148086134 0.972412990371 -0.646296407664 
-0.185064980526 0.0 0.0 0.0 0.0 0.0 0.0 
0.636062314433 0.0734491913818 0.599100848993 0.162873802498 0.754219886314 -0.62811716469 -0.313840279609 
0.597215536582 0.270971858539 0.572694899737 -0.301971974758 0.698950382227 -0.947861755223 0.357607257726 
0.636661104806 0.327764365295 0.611660855058 -0.202821769401 0.740170022486 -0.947857453856 0.377374070494 
0.628624885867 0.358891143293 0.602468356345 -0.0840945888597 0.722529788527 -0.87273911231 0.368970794602 
-0.282667009389 -0.0561083284417 -0.273253924528 0.37774996786 -0.346423792109 0.575704346567 -0.176900589873 
-0.51592786363 -0.196034416515 -0.498132098074 0.391870161397 -0.615293623061 0.891543626372 -0.313407268344 
-0.31011940141 -0.118862035431 -0.30157183048 0.239216833269 -0.372802125408 0.539659694745 -0.188730620691 
-0.414482311158 -0.192559701404 -0.399382994046 0.20147212387 -0.487028826037 0.655170365141 -0.248330744265 
0.794684497932 -0.540568929904 -0.987037895805 0.0747562092406 0.915129793034 0.992815008591 0.514027961502 
0.303643666153 -0.287468079996 -0.520572977579 0.066150758723 0.3351795385 0.592608115987 0.158497463503 
0.858336396447 -0.0563782243092 -0.101327752679 0.0119739891783 0.946793621901 0.0 0.424615570304 
0.878393715684 -0.020147475735 -0.0472398140587 0.0771382128929 0.936927778849 0.0 0.360622895793 
0.83094631552 0.00510063528945 0.0102859874861 0.136552938537 0.859210186256 0.0 0.261865231105 
0.891758448906 0.0203952234161 0.0431505854596 0.20105922723 0.899074843917 0.0 0.220346732952 
0.795149326404 0.0422730225088 0.0875691128462 0.264208288363 0.764569326308 0.0 0.1011974581 
0.897177640205 0.0608331764503 0.0993495398202 0.347034525415 0.835815214466 0.0 0.0775564962901 
0.854406699087 0.0513032571245 0.12379220124 0.397605234722 0.772714926344 0.0 -0.0170151275474 
0.693025578123 0.0727830512077 0.139526354067 0.455555009015 0.561183150249 0.0 -0.149271281216 
0.775688292745 0.071557115933 0.130480082316 0.528233947699 0.616081980054 0.0 -0.181972523832 
0.673455075318 0.0735044436714 0.124567611641 0.574520898861 0.475950141537 0.0 -0.281948718216 
0.727755952133 0.0539500141567 0.10606010206 0.63297912532 0.511201040953 0.0 -0.331008144885 
0.620597632405 0.0976740381596 0.0754673731905 0.698246906029 0.326701613454 0.0 -0.410357502102 
0.596876772453 0.0453067706973 0.0516065107192 0.713548688853 0.311281471173 0.0 -0.486137911492 
0.381450965649 0.0597173514765 0.0150233417937 0.712761118504 0.0519154200069 0.0 -0.579207309493 
-0.330759928262 0.0599247699064 -0.00824739696126 0.520921626433 -0.658414012367 0.0 -0.736871910669 
-0.312687479385 0.0442520641922 -0.0492915109562 0.501081680868 -0.632950038751 0.0 -0.714689273561 
-0.296332369559 0.0394244757126 -0.0877117422853 0.481875744698 -0.61339071461 0.0 -0.687666175722 
-0.279200843564 0.0303202992853 -0.123310802643 0.464177076933 -0.590644515336 0.0 -0.665231233473 
-0.475607641535 0.0251532180269 -0.145993880352 0.359823678544 -0.7602642977 0.0 -0.658172517818 
-0.453604627081 0.0348571661053 -0.171765979803 0.342048370634 -0.727699136372 0.0 -0.61971084148 
-0.402175768548 -0.0238934600155 -0.200983760606 0.284256396425 -0.651234362611 0.00843448538906 -0.593772484604 
-0.413152327429 0.0617709900545 -0.195957863143 0.297305955923 -0.656983925938 -0.0163781415595 -0.52512937217 
-0.509761051663 -0.0388558451465 -0.258875781051 0.134768298926 -0.693700218099 0.0481094503473 -0.507575666762 
-0.643939421071 0.0193119898066 -0.242969337199 0.0868900847518 -0.817661646554 0.0346809772644 -0.47816681856 
-0.689350021899 0.016713862426 -0.166734855448 -0.00708025810639 -0.791921353122 -0.0190542776098 -0.382713300207 
0.739184360017 0.0187348901067 -0.408186300626 0.74661637773 0.368777804204 0.0101935632748 -0.532466021659 
0.746956955177 0.0140371310058 -0.490030726237 0.790278631896 0.363433131944 0.0299904645836 -0.586852497488 
0.712295561797 -0.0263629149945 -0.634473230968 0.730890008504 0.319649456621 0.114431252854 -0.650208975958 
0.635754539624 0.070107477038 -0.548147232102 0.821791810382 0.234102635023 -0.0316643500436 -0.673468254121 
-0.686065530668 0.152069996943 -0.110552051098 0.0969269679555 -0.787671982905 -0.22129121412 -0.384035794332 
-0.762760569768 -0.0116562251466 -0.37516795023 -0.209205335234 -0.775339615709 0.101902096454 -0.333802695024 
-0.741181719233 0.03797451088 -0.258049448888 -0.193931979331 -0.726188957969 0.0142415964335 -0.264075349885 
-0.816455482015 0.0413099717727 -0.17946580292 -0.292025719047 -0.743585766204 0.00227831231574 -0.173321003833 
-0.825809818094 0.0436696752097 -0.115549120665 -0.346770121314 -0.712760203819 -0.00504871608736 -0.0980885284867 
-0.984424869874 0.0385685339972 0.0132286507469 -0.50934808645 -0.79062818388 -0.0126379538412 0.0339485963439 
-0.841816706207 0.0349144445584 0.0327215877618 -0.4574419304 -0.657602130393 -0.0119089989155 0.0587064323746 
-0.91066749889 0.0195466461926 0.132436131426 -0.560628451666 -0.677499408416 -0.00755063796956 0.159876527459 
-0.917128453636 0.00270245376672 0.217556965633 -0.616182749435 -0.658269180846 -0.00396114769635 0.23970486176 
-0.941564811119 -0.0186035620118 0.323102714235 -0.682478144414 -0.657797355577 -0.00238522184823 0.329353174048 
-1.00577181002 -0.0508848922333 0.477607621037 -0.783319471088 -0.692447313164 -0.00322549242501 0.452778777728 
-0.991906815718 0.152855119721 0.220239919046 -0.84160359849 -0.674856500705 0.406961303268 0.584317969678 
-0.640991372177 0.523974035942 -0.446074938719 -0.551246934075 -0.463987249327 0.972534234211 0.504003067961 
-0.623159981364 0.592505937033 -0.493516609239 -0.38864909061 -0.535083433936 0.933884892584 0.439653366058 
-0.605689449719 0.642861740781 -0.528258085914 -0.252005677321 -0.583873730872 0.895710175552 0.385708443588 
-0.614915746837 0.7121105068 -0.579578734289 -0.137292792151 -0.645713925763 0.89625753733 0.353169632871 
-0.584913080583 0.74296075161 -0.598949943388 0.00581871553018 -0.669696788928 0.836194342706 0.291976200689 
-0.55110878533 0.763547250607 -0.610237951562 0.144862050583 -0.680959388094 0.769642000751 0.230305197682 
-0.645859344164 0.907108467473 -0.723499142853 0.214071621471 -0.798658272248 0.89263834861 0.25607002061 
0.495942049264 -0.229015782984 0.218775943587 0.823848503584 0.225502060535 -0.806294901726 -0.518614277898 
0.478092716983 -0.261629067448 0.241449044183 0.724556482416 0.259926040961 -0.772188013463 -0.477642473298 
0.493815248065 -0.327464660747 0.291587685957 0.637400062452 0.321102180019 -0.786030545309 -0.457818378221 
0.529846547053 -0.4162867185 0.36017269811 0.548331520073 0.399237727494 -0.827122895078 -0.44763626265 
-0.605935481213 0.847084950833 -0.668906531252 0.278961381951 -0.701226090691 0.810156885576 0.211260213634 
-0.654517752773 0.947251978346 -0.742011045161 0.402376392672 -0.76715990748 0.855981467928 0.192576962095 
-0.642556015648 0.976161372612 -0.755984609415 0.540142750309 -0.766890845216 0.812747719147 0.137477636093 
-0.178235351116 0.444331716553 -0.319479580086 0.647715328786 -0.288756341382 0.137355428002 -0.135127994847 
-0.511863930889 0.864919676762 -0.649622256439 0.728839812279 -0.624169370481 0.586846355199 -7.69426432876e-05 
-0.45146600312 0.811759996243 -0.596828802319 0.82336910233 -0.551041670403 0.478918394915 -0.0683184876288 
-0.371466194283 0.725091666911 -0.517534771268 0.894767278805 -0.450813781494 0.346475680349 -0.139479689531 
-0.400818381338 0.772972372637 -0.544594376833 0.979244899505 -0.461225764274 0.364103759958 -0.161796577323 
-0.16072476798 0.461654338468 -0.289248118745 0.961120553871 -0.182454998056 0.0219183131284 -0.283064552594 
-0.0102426892501 0.251885228182 -0.117602871291 0.917628213541 0.00364695896767 -0.189077614351 -0.350195463219 
0.0919950143202 0.0970095754741 0.00819114662689 0.8575507594 0.137848922877 -0.328403757337 -0.386735948517 
0.018292598347 0.178674963241 -0.0503267605634 0.875476229448 0.0848679808584 -0.236149073394 -0.36403430948 
-0.0204426209622 0.216106340403 -0.0733966699465 0.888140262205 0.0688195591316 -0.192513829288 -0.35750471739 
-0.028260910865 0.212048460021 -0.0641644142736 0.886653848011 0.0850348956567 -0.189746418038 -0.361573244058 
-0.0357054973905 0.207682686108 -0.0546855156592 0.885319165145 0.101183179855 -0.187809132471 -0.366206762918 
-0.0433519596515 0.203785253815 -0.0455880234976 0.884478588949 0.116662429377 -0.185977935246 -0.371242521869 
0.0791604738639 0.0128750235372 0.101678840854 0.762521623184 0.260736147293 -0.339150980139 -0.393426832227 
-0.0581452828877 0.193550356955 -0.0281030562521 0.86703513298 0.142712888704 -0.179043539332 -0.375022325158 
0.0624308583713 0.00412077121369 0.115389089424 0.731918861528 0.279177476349 -0.325501718531 -0.390062380019 
-0.0733139520336 0.185588311991 -0.0131066099109 0.852420258482 0.16504375866 -0.172742222578 -0.380206780324 
0.0456090596424 -0.00221779574181 0.126345905789 0.704915981814 0.293676542053 -0.312766502889 -0.38821119724 
-0.08898616732 0.179912290661 -0.000651481865618 0.84098321678 0.183825951353 -0.167060667318 -0.386880346666 
0.028550403818 -0.0061518807613 0.134572845449 0.681829911825 0.304485965687 -0.300910572148 -0.387956084023 
0.0196811307579 -0.00713752990869 0.136319072451 0.665226062625 0.305532810896 -0.29237943841 -0.384623937571 
-0.112674132613 0.174070980724 0.0131379862378 0.822538644906 0.203719736884 -0.158101957289 -0.396060883527 
0.00209373188359 -0.00738331881798 0.140546755169 0.648970876849 0.311236809258 -0.281897101199 -0.387036717016 
0.354275875635 -0.536356784703 0.494801319804 0.0946347111154 0.589296145118 -0.626161705424 -0.320523037135 
0.470384784284 -0.71537180506 0.601226102494 -0.163410497075 0.652121979292 -0.712671711997 -0.259008266031 
0.512306480972 -0.782096173341 0.628389516162 -0.322031481126 0.646762595239 -0.718648885554 -0.200600656977 
0.530169587126 -0.810312806159 0.62825999252 -0.444628209197 0.618023040462 -0.69804555951 -0.143402179367 
0.526007539971 -0.80342193071 0.604552292527 -0.528508699411 0.570921278244 -0.655581297779 -0.0907517573908 
0.568808067575 -0.861706032784 0.621787407575 -0.688028800775 0.552695993237 -0.652820211701 -0.0229086471629 
-0.368308112516 0.491488529111 -0.240210732974 0.8841690907 -0.0665292697631 0.167017822548 -0.310527462827 
0.552856294239 -0.836559293722 0.585951772007 -0.750761763551 0.495705020642 -0.599898082455 0.0261635963625 
0.570447177774 -0.851304459314 0.573950286551 -0.860581705029 0.455397397902 -0.570380136427 0.0893732850179 
0.554843199468 -0.816386173489 0.531626572142 -0.90527804875 0.395916587227 -0.513635322627 0.138851259723 
0.522186491202 -0.756056681739 0.475195767782 -0.910181781982 0.330058261038 -0.44548805825 0.177591627516 
0.518283153698 -0.731770976379 0.437386837867 -0.973421379596 0.272749650914 -0.391692777367 0.237197549599 
0.302927737716 -0.710487797209 0.222001537658 -0.980713996907 0.123514338817 -0.175446698713 0.260120967981 
0.160410280272 -0.71786740227 0.0931186111194 -0.954076728791 0.047770842661 -0.055918838444 0.230506597389 
0.157913356065 -0.753792310724 0.0981185547886 -0.933539052555 0.0623042710597 -0.0713011080806 0.176019354898 
0.153836280779 -0.775671125417 0.101714709639 -0.899642069079 0.0757660098463 -0.0844509361808 0.122273330086 
0.149911841322 -0.796116498687 0.105519259694 -0.86270000686 0.0899538367525 -0.0975676306928 0.0670843603542 
0.148531025852 -0.826875832772 0.111051712942 -0.836869960315 0.105819393161 -0.111852193849 0.012830359455 
0.141410174976 -0.828923810451 0.113192141161 -0.773471263305 0.120065593143 -0.123710609975 -0.0499334537513 
0.143519602076 -0.873555731643 0.121257580594 -0.760506935498 0.13864216687 -0.139951374769 -0.104813070711 
0.140815394616 -0.894187465873 0.126520377749 -0.715396522457 0.155906339391 -0.15434758789 -0.167468674748 
0.100157630859 -0.721085470603 0.106236643354 -0.44941013789 0.153118495688 -0.147087122763 -0.256926060513 
0.112264377397 -0.806200390543 0.120290628846 -0.48677423517 0.175316854302 -0.16720567474 -0.301676642597 
0.0894965410945 -0.71237449502 0.110588747301 -0.322564460225 0.178272650784 -0.166978883658 -0.368844625303 
0.0861413443442 -0.688039160503 0.110219932116 -0.230190720453 0.197266617143 -0.180791509447 -0.437227702218 
0.0598011947726 -0.629967093658 0.102291461691 -0.152245304906 0.173514373933 -0.159445931376 -0.443566707405 
0.0590658974842 -0.582521719872 0.103900420998 -0.0197432172358 0.203203279746 -0.189167186857 -0.536122565771 
0.0445659656881 -0.526907115169 0.0960596004518 0.0666788370232 0.196364626209 -0.180139065735 -0.560636649784 
0.0185188692986 -0.388114796905 0.0790036247778 0.238721367886 0.183800004411 -0.168220788252 -0.59190954994 
-0.0230977763624 -0.154300834193 0.0478861252107 0.484179959217 0.15352265966 -0.139607904746 -0.603128118849 
-0.0273586098795 -0.121017419673 0.0441702734464 0.525138370185 0.148850829488 -0.137994364085 -0.609407439171 
-0.0682171707432 0.123611415325 0.00989172369887 0.747143647041 0.109212473412 -0.102015401715 -0.588186080074 
-0.0641088174217 0.118201629146 0.0105013054192 0.731884017361 0.10542012956 -0.102821564527 -0.57767908702 
-0.0602085932173 0.113387011421 0.0109020855646 0.71746014461 0.101283235841 -0.10376974913 -0.567411792111 
-0.0565004959214 0.109157752786 0.0110971314069 0.703812152051 0.0967978363215 -0.104848461007 -0.557339545246 
-0.0529700471937 0.10550636879 0.0110891696318 0.690885976145 0.0919596993126 -0.10604572374 -0.54742148051 
-0.0496041391116 0.102427378838 0.010880748603 0.678632748218 0.0867645263697 -0.107349032412 -0.53762024945 
-0.0627494925204 0.198568453034 -0.0043156514125 0.738241954965 0.0627199680743 -0.0898198245226 -0.502702361196 
0.0902796538776 -0.711658015977 0.131877131493 0.0863971955902 0.229342513002 -0.268913939537 -0.738985544412 
-0.042864855134 0.102536494722 0.00963747721439 0.68520002624 0.0732418572823 -0.118637160871 -0.539881551338 
-0.0398762557452 0.101672441289 0.00859435088187 0.674623885075 0.0661716988057 -0.120325853958 -0.529645036144 
-0.074925079878 0.335487332481 -0.028670933413 0.810040640801 0.011504144039 -0.0716655001133 -0.437827227795 
-0.0496290998716 0.19921964498 -0.00959050625805 0.701436229492 0.029498018842 -0.0993235503031 -0.462103945865 
-0.0782430222418 0.39549147197 -0.0418336041833 0.796658210503 -0.0198505614553 -0.0545985230781 -0.368027655545 
0.13439515804 -0.911952606007 0.160440037208 0.0502416820973 0.243617680704 -0.35735035713 -0.883180479822 
-0.00617248310879 -0.0237679610523 0.0216012143962 0.580843974098 0.054025172565 -0.165697640871 -0.553012243616 
-0.0780350731952 0.443814947829 -0.0536551721265 0.813475246237 -0.0539278540838 -0.0547162003303 -0.336042185472 
-0.0728632471976 0.430673037306 -0.0539928858085 0.773161606979 -0.0618486508275 -0.0534939856048 -0.310422337568 
-0.113231917495 0.701834859213 -0.0993994242798 0.861420928 -0.130311771032 0.0224347558689 -0.141940757964 
0.0141550420383 -0.0798888932811 0.0225779913373 0.479549723113 0.0275252091541 -0.178532478216 -0.508807633661 
-0.122494076474 0.792031223209 -0.118139983195 0.831621288997 -0.168795589615 0.0577778235251 -0.0312802334814 
-0.111696953756 0.736925540534 -0.111657513994 0.752794365853 -0.165453041318 0.055896379172 -0.00973289125763 
-0.108332139642 0.725888470471 -0.111891771163 0.695105913833 -0.170252245402 0.0659621250276 0.0327069441606 
-0.110573432928 0.747039458589 -0.116994023466 0.649134179977 -0.180490407891 0.0862122159782 0.0937571227425 
-0.126390793771 0.848605979677 -0.134709394573 0.624847180442 -0.205863708548 0.133323057843 0.208445842819 
-0.128901967459 0.86337593927 -0.138197523266 0.566872514088 -0.210605533519 0.1570620384 0.274320724945 
-0.107759921452 0.730488432074 -0.117669694799 0.47140300492 -0.183149422289 0.133204409794 0.239296182246 
-0.123096358752 0.817720204139 -0.132127199349 0.436886254764 -0.199248374405 0.181002492284 0.350012413163 
-0.136871685714 0.889158948581 -0.143708719577 0.389464916951 -0.208720180072 0.228068146646 0.458085028754 
-0.142711425817 0.906804657749 -0.146341491464 0.324424306409 -0.204110996246 0.260093459728 0.533164794038 
-0.160877894213 0.990510228881 -0.159193307099 0.263618819079 -0.208045452474 0.320105838615 0.665052247435 
-0.166952218528 0.989152566166 -0.158002259832 0.167916364094 -0.188273369881 0.359033441819 0.751471932397 
0.015868462415 0.989578890164 -0.0283043930904 0.225046876398 0.0449038024509 0.179449649373 0.7504540615 
0.190469742477 1.00665293376 0.0881838754717 0.368177420181 0.242276325524 0.000234012126858 0.679390198273 
0.185687551946 0.983412902295 0.0778694494989 0.448108291981 0.211336752497 0.00714480804148 0.574451862816 
0.169969151557 0.899080803515 0.0645439460303 0.488016558248 0.170967194467 0.00976390265189 0.446331041215 
0.168181366703 0.886123432162 0.0584711607644 0.549315473733 0.149403463641 0.00974261267877 0.371347528877 
0.156111464728 0.817012923684 0.0485583412374 0.583625436172 0.116497359261 0.00731791717835 0.265188888773 
0.156792216088 0.813694745226 0.0448016147585 0.642954889765 0.0995284912865 0.00310346595744 0.202702576655 
0.146153840445 0.749350942053 0.0368410478011 0.671397148796 0.0706866189723 -0.00305552159797 0.107879626896 
0.166414214019 0.846292685396 0.0417864803705 0.779587656719 0.0752686423052 -0.0103604463955 0.101305674992 
0.157624288553 0.788948160242 0.0351877354826 0.812071618411 0.0485823057878 -0.0197040610153 0.0102254220247 
0.141455587147 0.69235216128 0.0264722585113 0.816554217168 0.0166085508488 -0.0301295498497 -0.0934660265111 
0.155342242514 0.752080441362 0.0296647993158 0.906664046926 0.0147895805916 -0.0416782206606 -0.119942663449 
0.130055580255 0.606809820677 0.0185772278221 0.873836573274 -0.0228650226598 -0.0535506831459 -0.236609092944 
0.140370308819 0.646382759169 0.0210892651122 0.948208413851 -0.0265779362768 -0.0666050967573 -0.267973397041 
0.0613606779734 0.225028635001 -0.00750590774284 0.712855637985 -0.103083266761 -0.0748710217764 -0.469586166751 
0.0644686020659 0.230380266637 -0.00589124540043 0.736958542033 -0.105031432448 -0.084962609286 -0.48653771668 
0.0677075487975 0.23585741246 -0.00426197903171 0.761781692599 -0.107045650114 -0.0951385562023 -0.504047814346 
0.119681666299 0.487716480336 0.0134316113784 0.973681220965 -0.0750734395207 -0.111570034742 -0.451544017047 
0.0261040942619 -7.11495302656e-15 -0.0172549286874 0.63255505568 -0.146937200173 -0.110504188387 -0.61752766774 
0.0278538951383 4.64001400136e-14 -0.0154826959084 0.635933382004 -0.145622101453 -0.117260109053 -0.619754148804 
0.0296534422618 -2.1482303015e-14 -0.0137850134372 0.63913034625 -0.144360781199 -0.123596184652 -0.621885802731 
0.031510640346 0.0 -0.0121623182906 0.642115100846 -0.143153322002 -0.129506583878 -0.623900871615 
0.0334331073376 -7.20034579259e-15 -0.0106154106102 0.644860516852 -0.141998427173 -0.134986354566 -0.62578073646 
0.0354281681383 7.21701507161e-15 -0.0091455076276 0.647343082598 -0.140893394383 -0.140031534386 -0.627509823339 
0.0375028393451 -1.80779720555e-14 -0.0077543049372 0.649542796564 -0.139834094385 -0.144639251794 -0.629075507645 
0.0396638045139 5.79404342537e-14 -0.0064440464325 0.651443053311 -0.138814953647 -0.148807819065 -0.630468015074 
0.0419173790727 -7.2507965929e-14 -0.00521760466599 0.65303052177 -0.1378289396 -0.152536819359 -0.631680318511 
0.0442694635109 4.3533585262e-14 -0.00407857379133 0.654295015548 -0.13686754718 -0.155827189937 -0.632708030516 
0.0240072792057 -0.106529369863 -0.00956654847796 0.544733674283 -0.144166772057 -0.149531017685 -0.635108378603 
0.0226773296241 -0.121738425884 -0.00952461014958 0.520972096501 -0.142635843743 -0.148531796973 -0.627683135413 
0.0279038614239 -0.106462577383 -0.00773408768029 0.528489209333 -0.138755701791 -0.149682519764 -0.61961867305 
0.0330782305153 -0.0922462810046 -0.00613697910581 0.536053667284 -0.135255441812 -0.15066116984 -0.612815664269 
0.0382178016831 -0.079020064937 -0.00473106698123 0.543619599902 -0.132083547118 -0.151469234419 -0.607160498138 
-0.010201302386 -0.30538690289 -0.0181466392261 0.272828849988 -0.1414475263 -0.123862660015 -0.576250732359 
-0.10730247631 -0.736291896365 -0.044290390588 -0.265673812996 -0.155533945389 -0.064281208144 -0.494584726968 
-0.0968613124638 -0.67833539556 -0.0406667541001 -0.253522496749 -0.140728866056 -0.0572800393919 -0.447975828526 
-0.0873210571489 -0.625279805106 -0.0374988861363 -0.241787630033 -0.127303334167 -0.0507892166001 -0.405975954809 
-0.120475075936 -0.754287350998 -0.0456608784354 -0.456266652002 -0.120577448231 -0.0189921805206 -0.330345365078 
-0.108050504166 -0.683936498581 -0.0417049028397 -0.425929412351 -0.106117725973 -0.0138130076463 -0.288617897185 
-0.1321036696 -0.765638596498 -0.0471878693291 -0.589873421007 -0.0962569272855 0.0137702062605 -0.21347715722 
-0.148434750727 -0.808966835993 -0.0503635395649 -0.711030794692 -0.0841980626137 0.0373057845419 -0.140447752829 
-0.157590768659 -0.818263432889 -0.0514400460931 -0.79035795758 -0.0709898451588 0.0561940371082 -0.0730164499833 
0.128043906763 0.337167851762 0.0186396806501 0.764662386517 -0.0505550814461 -0.132932003398 -0.404508719431 
-0.165695381922 -0.823569949767 -0.0531069476388 -0.871602964771 -0.0555652325741 0.0766380579117 -0.000311949810782 
-0.149556864335 -0.727492542336 -0.0476058828074 -0.800921314663 -0.042587156982 0.0758182771638 0.0295663218167 
-0.159474369599 -0.731912356774 -0.0479876126141 -0.870044667369 -0.0308110191964 0.0924196915919 0.0930672356758 
-0.159603456168 -0.696868077949 -0.0456338773185 -0.880668947353 -0.0197353404305 0.100989790727 0.140345789786 
-0.158495394653 -0.656645650569 -0.0425319895131 -0.880417765784 -0.00972019839596 0.107550829804 0.182691995132 
-0.172581683171 -0.669408229184 -0.0417805021265 -0.961236299262 0.000452354449123 0.125033521658 0.250513277179 
-0.169115826877 -0.613057502222 -0.0356898533637 -0.941391119801 0.0095747473127 0.12916874255 0.29170455376 
-0.245139252314 -0.579096898218 -0.0829012407615 -1.00178636051 -0.0175066515566 0.211721165957 0.350945137337 
-0.326172440543 -0.515415220745 -0.158606745633 -0.980246941373 -0.0730807854984 0.306357588589 0.344574327354 
-0.334266028664 -0.51979971153 -0.198441463683 -0.947140156648 -0.1133709759 0.330307391721 0.294675523586 
-0.342672107874 -0.528842553041 -0.232224550172 -0.926750477603 -0.150576696555 0.352459037593 0.256877117428 
-0.376566539148 -0.579402833778 -0.280222312035 -0.980564049796 -0.198220950176 0.39953233012 0.244317591373 
-0.346655078644 -0.53074504343 -0.29378807122 -0.847597189277 -0.229952894926 0.384855858181 0.170834635002 
-0.331943815769 -0.506832424625 -0.313127471847 -0.761909391633 -0.264924895566 0.383233895548 0.116814687187 
-0.338692388127 -0.516747990256 -0.344503635781 -0.7369103884 -0.308049431153 0.401912272847 0.0837110269171 
-0.330850084761 -0.503826532607 -0.366774728695 -0.669575771808 -0.346672240707 0.405228908695 0.039032288168 
-0.378908585456 -0.577709788462 -0.426848253235 -0.751750608022 -0.412169083689 0.465223080549 0.0376932368674 
0.179845541368 0.292294356717 -0.0567882404925 0.779018853633 -0.169682101371 -0.107793162295 -0.397685688071 
0.171437641218 0.278410285826 -0.0516236552947 0.744229252141 -0.162712633993 -0.106169043267 -0.37283799492 
0.162879336309 0.264785329571 -0.0473460580572 0.710400368217 -0.156004856117 -0.103940635724 -0.349488912098 
0.154266649254 0.251453157286 -0.0438459634378 0.677648436699 -0.149615338768 -0.101184977451 -0.327607357205 
0.207835120737 0.334594873915 0.00964365072609 0.799579348113 -0.102159641612 -0.165332337575 -0.342277469132 
0.18872919631 0.305151814825 0.00749500260221 0.73519679978 -0.0970753798649 -0.151779857412 -0.311261092398 
0.182936090759 0.296440349273 0.0151730313449 0.705061494641 -0.0841206232378 -0.151946617689 -0.289637870715 
-0.417878662328 -0.62820318564 -0.504386574392 -0.714159105446 -0.532483548164 0.507267013885 0.0092687262797 
-0.493730200895 -0.739140962769 -0.603348402497 -0.819151768306 -0.642898234194 0.59941480576 0.00127212810861 
-0.494904271526 -0.73370929203 -0.639304814051 -0.739322659131 -0.700926726003 0.609177224903 -0.0462200182709 
-0.287988906239 -0.408981637842 -0.475928471988 -0.200450473806 -0.574450146239 0.38334369194 -0.17068736796 
0.0636129997648 0.134139249235 -0.151033963105 0.608354379456 -0.283108982334 -0.0127485816564 -0.317296708958 
0.0534478726169 0.121747148302 -0.155403326212 0.591462952417 -0.286178917443 -0.00522907662175 -0.30771068294 
0.133480850954 0.246324569318 -0.0679198431902 0.759453288779 -0.200136283841 -0.100723188195 -0.324299937323 
0.102862075467 0.202209080917 -0.0884392718699 0.690886886138 -0.215766589461 -0.0704642546859 -0.30362199068 
0.149655747366 0.275122053522 -0.0287175002932 0.776796524972 -0.152551858718 -0.128835514455 -0.303390325115 
-0.475393593113 -0.659661166426 -0.693018959053 -0.402735378543 -0.819408946293 0.591355566317 -0.171410650849 
-0.203369144831 -0.240145920434 -0.416563701529 0.1832499454 -0.55563533901 0.278233333264 -0.255785156375 
0.0773289096322 0.185733786405 -0.107116448524 0.722730680415 -0.243050064976 -0.0500010237881 -0.308155212846 
0.0599467914924 0.163644104233 -0.115564958633 0.692281000138 -0.24891102447 -0.0333728669619 -0.297684849645 
0.046540346244 0.147880895772 -0.120035276253 0.671540839711 -0.25119016452 -0.0209996144877 -0.289364728574 
0.114746012123 0.251606376568 -0.0289415933432 0.78109565269 -0.151694159605 -0.104403354602 -0.285841025347 
0.0973005029806 0.228610618192 -0.0348593464863 0.743869055403 -0.153439492105 -0.0873025400816 -0.273282286444 
0.0747495328094 0.198702033626 -0.0476712304659 0.702445958602 -0.163328079826 -0.0637226085641 -0.262683627941 
0.119071017918 0.265087753243 0.0199176024418 0.757727361503 -0.0857016478377 -0.118938576715 -0.251736144072 
0.196612794328 0.376476850699 0.130718272309 0.844009561853 0.0420190939728 -0.213738874082 -0.233606121079 
-0.339580188151 -0.379413242416 -0.514889631964 0.142959301976 -0.671771203085 0.420903728051 -0.265229840989 
0.196237843722 0.385049287196 0.155410060613 0.848963524366 0.0729353503765 -0.216838170513 -0.224119844334 
0.249675788699 0.456822478451 0.240472638003 0.874337143561 0.176985946525 -0.28294699585 -0.197167227867 
0.317476716755 0.544829654831 0.344063457326 0.898936853489 0.304562134417 -0.366179960218 -0.162452167912 
-0.367559130935 -0.391386271979 -0.504264542917 0.166443052465 -0.66070189916 0.450307836749 -0.269916066305 
0.324519885088 0.556212584883 0.381394025582 0.874082802712 0.356002195416 -0.37689400865 -0.139973299734 
0.446075809601 0.707413987798 0.550990286999 0.91102001286 0.565194383589 -0.524190716046 -0.0820713674939 
-0.484174237161 -0.526851717587 -0.614946540889 0.0990098915414 -0.789244888815 0.58923300201 -0.297405896591 
0.540943720184 0.825597210669 0.696004657426 0.921633374687 0.74777650315 -0.639290135018 -0.0269867774072 
0.580741243667 0.853460250971 0.753871072087 0.834135254226 0.833614334143 -0.689005286719 0.0272697187876 
0.647971241193 0.91129570084 0.840606889418 0.750274011286 0.955037845978 -0.771903174288 0.0933753016947 
0.660985475907 0.895192169158 0.85266962088 0.620372895172 0.988436772159 -0.789988013561 0.14460616019 
0.516946373024 0.68471598021 0.664261013787 0.420795641461 0.77879672637 -0.618949915074 0.134863714075 
0.650595509147 0.809397051049 0.812999724656 0.334726859587 0.976791141494 -0.783341777915 0.231919064538 
0.639122942541 0.774479225847 0.787812867437 0.255140273565 0.955297906843 -0.771358612021 0.250838925341 
-0.00266246901688 0.0 0.0 0.0 0.0 0.0 0.0 
-0.00270386893001 -0.691902645791 0.168139262602 0.99159940495 -0.81370160069 0.688798499641 -0.826119769038 
-0.00271761817781 -0.695420989754 0.168994255372 0.996641715167 -0.817839295685 0.692301058935 -0.83032061076 
-0.00252461191259 -0.64603192948 0.156992219788 0.92585984567 -0.759756041276 0.643133577321 -0.77135092866 
-0.00265531056407 -0.67947687267 0.165119675464 0.973791423859 -0.799088458885 0.676428473403 -0.811283611259 
-0.00225236235187 -0.576365020229 0.140062464106 0.826016802464 -0.677825330478 0.5737792211 -0.688169846277 
-0.00226163808387 -0.57873862031 0.140639272664 0.829418524429 -0.680616766812 0.576142172282 -0.691003883642 
-0.00208241060926 -0.532875463814 0.129494066961 0.763689799489 -0.626680098004 0.530484775861 -0.636244069552 
-0.00193624199482 -0.49547185673 0.120404616368 0.710084867129 -0.582692153832 0.493248976002 -0.591584810864 
-0.00213881574763 -0.547309175462 0.133001603242 0.78437545515 -0.643654645426 0.544853732229 -0.653477671137 
-0.0018714919603 -0.478902739899 0.116378155272 0.686338858221 -0.563206295569 0.476754194716 -0.571801572495 
-2.17399960598e-16 1.63689382097e-14 -4.50145800767e-15 -1.30951505678e-14 -9.82136292582e-15 8.18446910485e-15 1.63689382097e-14 
0.0018714919603 0.478902739899 -0.116378155271 -0.686338858221 0.563206295569 -0.476754194716 0.571801572495 
0.00198100937656 0.506927541407 -0.123188462312 -0.726502567189 0.596164437853 -0.504653265993 0.605262699852 
0.00172248524043 0.440772879914 -0.107112217961 -0.631693097431 0.5183642527 -0.438795400211 0.526275180429 
0.00212426706251 0.543586260636 -0.132096897706 -0.779039964459 0.639276367974 -0.541147519856 0.64903257535 
0.00274358632717 0.702066071937 -0.170609076799 -1.00616510632 0.825654143687 -0.698916328678 0.838254723733 
0.002691412092 0.688715021169 -0.167364637939 -0.987031064739 0.809952843154 -0.685625175951 0.822313800478 
0.00238229696702 0.609614451441 -0.148142408416 -0.873668182908 0.716927819194 -0.606879482347 0.727869090963 
0.00241968118904 0.619180833095 -0.150467134831 -0.887378230722 0.728178217082 -0.616402945468 0.739291184882 
0.00255481891734 0.653761707458 -0.158870633142 -0.936937767239 0.768846529298 -0.650828676489 0.780580149616 
0.00267225845714 0.68381372936 -0.166173575012 -0.980006784559 0.804188753343 -0.680745873255 0.816461742992 
0.00269648167333 0.690012294381 -0.167679888304 -0.988890250209 0.811478481618 -0.686916629088 0.823862722213 
