0.00371601913124 0.00751928830054 0.00985467988066 -0.000407565683126 -0.00709915625397 5.8100358583e-05 0.00971223502886 
-0.0599311595997 -0.0508111171942 0.0548622225396 -0.0496468417258 -0.0390501601987 0.0432847349135 -0.0568101052348 
-0.123578338331 -0.109141522689 0.0998697651986 -0.0988861177685 -0.0710011641434 0.0865113694684 -0.123332445498 
-0.187225517062 -0.167471928184 0.144877307858 -0.148125393811 -0.102952168088 0.129738004023 -0.189854785762 
-0.250872695792 -0.225802333678 0.189884850517 -0.197364669854 -0.134903172033 0.172964638578 -0.256377126026 
-0.314519874523 -0.284132739173 0.234892393176 -0.246603945897 -0.166854175977 0.216191273133 -0.322899466289 
-0.378167053254 -0.342463144668 0.279899935835 -0.295843221939 -0.198805179922 0.259417907688 -0.389421806553 
-0.441814231985 -0.400793550163 0.324907478493 -0.345082497982 -0.230756183867 0.302644542243 -0.455944146816 
-0.505461410716 -0.459123955657 0.369915021152 -0.394321774025 -0.262707187812 0.345871176798 -0.52246648708 
-0.569108589447 -0.517454361152 0.414922563811 -0.443561050067 -0.294658191756 0.389097811353 -0.588988827344 
-0.632755768178 -0.575784766647 0.45993010647 -0.49280032611 -0.326609195701 0.432324445908 -0.655511167607 
-0.696402946909 -0.634115172141 0.504937649129 -0.542039602153 -0.358560199646 0.475551080463 -0.722033507871 
-0.76005012564 -0.692445577636 0.549945191788 -0.591278878195 -0.39051120359 0.518777715018 -0.788555848135 
-0.823697304371 -0.750775983131 0.594952734447 -0.640518154238 -0.422462207535 0.562004349573 -0.855078188398 
-0.887344483102 -0.809106388626 0.639960277106 -0.689757430281 -0.45441321148 0.605230984127 -0.921600528662 
-0.950991661833 -0.86743679412 0.684967819765 -0.738996706324 -0.486364215424 0.648457618682 -0.988122868925 
-1.01463884056 -0.925767199615 0.729975362424 -0.788235982366 -0.518315219369 0.691684253237 -1.05464520919 
-1.07828601929 -0.98409760511 0.774982905083 -0.837475258409 -0.550266223314 0.734910887792 -1.12116754945 
-1.14193319803 -1.0424280106 0.819990447742 -0.886714534452 -0.582217227259 0.778137522347 -1.18768988972 
-1.20558037676 -1.1007584161 0.864997990401 -0.935953810494 -0.614168231203 0.821364156902 -1.25421222998 
-1.26922755549 -1.15908882159 0.91000553306 -0.985193086537 -0.646119235148 0.864590791457 -1.32073457024 
-1.33287473422 -1.21741922709 0.955013075719 -1.03443236258 -0.678070239093 0.907817426012 -1.38725691051 
-1.39652191295 -1.27574963258 1.00002061838 -1.08367163862 -0.710021243037 0.951044060567 -1.45377925077 
-1.46016909168 -1.33408003808 1.04502816104 -1.13291091467 -0.741972246982 0.994270695122 -1.52030159103 
-1.52381627041 -1.39241044357 1.0900357037 -1.18215019071 -0.773923250927 1.03749732968 -1.5868239313 
-1.58746344914 -1.45074084907 1.13504324636 -1.23138946675 -0.805874254872 1.08072396423 -1.65334627156 
-1.65111062787 -1.50907125456 1.18005078901 -1.28062874279 -0.837825258816 1.12395059879 -1.71986861183 
-1.7147578066 -1.56740166006 1.22505833167 -1.32986801884 -0.869776262761 1.16717723334 -1.78639095209 
-1.77840498533 -1.62573206555 1.27006587433 -1.37910729488 -0.901727266706 1.2104038679 -1.85291329235 
-1.84205216407 -1.68406247105 1.31507341699 -1.42834657092 -0.93367827065 1.25363050245 -1.91943563262 
-1.9056993428 -1.74239287654 1.36008095965 -1.47758584696 -0.965629274595 1.29685713701 -1.98595797288 
-1.96934652153 -1.80072328204 1.40508850231 -1.52682512301 -0.99758027854 1.34008377156 -2.05248031314 
-2.03299370026 -1.85905368753 1.45009604497 -1.57606439905 -1.02953128248 1.38331040612 -2.11900265341 
-2.09664087899 -1.91738409303 1.49510358763 -1.62530367509 -1.06148228643 1.42653704067 -2.18552499367 
-2.16028805772 -1.97571449852 1.54011113029 -1.67454295113 -1.09343329037 1.46976367523 -2.25204733393 
-2.22393523645 -2.03404490401 1.58511867294 -1.72378222718 -1.12538429432 1.51299030978 -2.3185696742 
-2.22393523645 -2.03404490401 1.58511867294 -1.72378222718 -1.12538429432 1.51299030978 -2.3185696742 
-2.20495849671 -2.03168949981 1.58789236937 -1.7227861787 -1.12682582192 1.51580280428 -2.33762073552 
-2.18638028538 -2.02922864318 1.59046631171 -1.72120780118 -1.12836183554 1.51872625513 -2.35689075154 
-2.16821281839 -2.02667011146 1.59283889111 -1.71904753288 -1.12999031402 1.52175470697 -2.37636910572 
-2.1504677605 -2.02402160372 1.5950090983 -1.71630593197 -1.13170911803 1.52488223793 -2.39604534362 
-2.13315620102 -2.02129070013 1.59697649688 -1.71298368565 -1.13351601174 1.52810299012 -2.41590919726 
-2.11628863587 -2.01848482293 1.59874120303 -1.70908159549 -1.13540867775 1.53141120059 -2.43595062437 
-2.09987495508 -2.01561120048 1.60030386124 -1.70460055979 -1.13738473264 1.53480123025 -2.45615984718 
-2.08392443564 -2.01267683456 1.60166561649 -1.69954155306 -1.13944174283 1.53826759055 -2.47652739066 
-2.06844573946 -2.0096884713 1.60282808335 -1.6939056027 -1.14157724083 1.54180496766 -2.49704411972 
-2.05344691658 -2.0066525756 1.60379331255 -1.68769376295 -1.14378874149 1.54540824417 -2.51770127537 
-2.0389354132 -2.0035753093 1.60456375544 -1.68090708621 -1.14607375844 1.54907251818 -2.53849050944 
-2.02491808454 -2.00046251289 1.60514222703 -1.67354659178 -1.14842982034 1.55279311967 -2.55940391783 
-2.01140121221 -1.99731969084 1.60553186782 -1.6656132321 -1.15085448703 1.55656562435 -2.58043407222 
-1.99839052606 -1.99415200026 1.60573610511 -1.65710785652 -1.15334536543 1.56038586494 -2.60157405 
-1.98589123007 -1.99096424289 1.60575861401 -1.64803117254 -1.15590012499 1.56424993999 -2.62281746268 
-1.97390803224 -1.98776086001 1.60560327863 -1.63838370463 -1.15851651293 1.56815422047 -2.64415848258 
-1.96244517834 -1.98454593021 1.60527415375 -1.62816575049 -1.16119236878 1.57209535416 -2.66559186806 
-1.95150648908 -1.98132316961 1.60477542717 -1.61737733462 -1.16392563865 1.57607026812 -2.6871129874 
-1.94109540084 -1.97809593431 1.60411138312 -1.60601815911 -1.16671438885 1.58007616943 -2.70871784152 
-1.93121500969 -1.97486722485 1.60328636671 -1.59408755144 -1.16955681902 1.58411054436 -2.73040308583 
-1.92186811851 -1.97163969217 1.60230474971 -1.58158440887 -1.17245127478 1.5881711563 -2.75216605154 
-1.92224006258 -1.96222352322 1.59263680079 -1.59069224983 -1.18196320225 1.57598148068 -2.74726641236 
-1.92279296141 -1.95276639416 1.58277421207 -1.59936347025 -1.19166319455 1.56386549137 -2.74242993497 
-1.9235209772 -1.94326616444 1.57272608353 -1.60759846739 -1.20154446536 1.55182303937 -2.73765537422 
-1.92548508176 -1.93423468246 1.56280909605 -1.61657615334 -1.21111779767 1.53970998116 -2.730675027 
-1.92763830569 -1.92514967534 1.55270673683 -1.62511879151 -1.22088934009 1.52767286546 -2.72374372623 
-1.92997489508 -1.91600856382 1.5424281566 -1.63322646658 -1.23085257523 1.51571226243 -2.71686034619 
-1.93356579911 -1.90744198995 1.53244136679 -1.64194464352 -1.24041885806 1.50389194089 -2.70784470203 
-1.93735862764 -1.89880848605 1.52228182844 -1.65022875898 -1.25018888157 1.49215151992 -2.69886417142 
-1.94134761878 -1.89010507388 1.51195887483 -1.6580785863 -1.26015631969 1.48049234679 -2.6899179964 
-1.94659242254 -1.88207438826 1.50209869326 -1.66641056971 -1.2696241035 1.46918186791 -2.67894703009 
-1.95205504516 -1.87396307499 1.49208254144 -1.67430876154 -1.27929506963 1.45795719218 -2.66799943891 
-1.95772958682 -1.86576783758 1.48192002216 -1.68177264482 -1.2891629458 1.44682043515 -2.65707518715 
-1.96464035726 -1.858336095 1.47239936766 -1.68959587332 -1.29841330319 1.43623493267 -2.64427047415 
-1.9717860067 -1.85081051084 1.46274393768 -1.69698480402 -1.30785884835 1.42574286528 -2.63148203456 
-1.97916033572 -1.84318761462 1.45296360446 -1.70393867069 -1.31749318561 1.41534700532 -2.6187109869 
-1.98772554138 -1.83641224371 1.44400858772 -1.7111363443 -1.32637671222 1.40569484215 -2.60424317264 
-1.99654170425 -1.82953134614 1.43494393326 -1.71789846109 -1.33543899278 1.39614467126 -2.58979169719 
-2.0056021533 -1.82254149596 1.42577965358 -1.72422406569 -1.34467334169 1.3866996825 -2.57535927602 
-2.01577787267 -1.81647756546 1.41762303963 -1.73068698638 -1.35300962919 1.37817555461 -2.55945433445 
-2.02621750035 -1.81029922546 1.40938453176 -1.73671244922 -1.36149945942 1.36976148768 -2.54357507972 
-2.0369137466 -1.80400337504 1.40107399706 -1.74229938629 -1.37013577952 1.36146072579 -2.52772617371 
-2.04861576303 -1.79870746347 1.39394528687 -1.74792798542 -1.37771658941 1.35423694054 -2.51066833749 
-2.06058964657 -1.79329240397 1.38676284144 -1.75311677581 -1.38541765357 1.34712893461 -2.49365592261 
-2.07282740707 -1.78775571881 1.37953594515 -1.75786466553 -1.39323165427 1.34013956946 -2.47669567222 
-2.085925403 -1.78328958225 1.37364856984 -1.76257115904 -1.39982897169 1.33435650928 -2.45882485063 
-2.09929691744 -1.77870482809 1.36773319614 -1.7668352991 -1.40650722219 1.32869066724 -2.44102912649 
-2.11293327576 -1.77399984362 1.3617979866 -1.77065606371 -1.41325917187 1.32314411168 -2.42331714892 
-2.1272481875 -1.77043269504 1.35733491216 -1.77436663204 -1.4186387536 1.3189016351 -2.40501925606 
-2.14183139249 -1.76675327364 1.35286409458 -1.77763239984 -1.4240573688 1.31477208584 -2.38683381999 
-2.15667365827 -1.76296093455 1.34839202608 -1.78045250633 -1.42950846196 1.31075648003 -2.36877088878 
-2.17197885846 -1.76036906196 1.34549179346 -1.78310935869 -1.43344832488 1.3081083897 -2.35046086471 
-2.1875405044 -1.7576767315 1.34259587778 -1.78531935171 -1.43738727946 1.30556277919 -2.33230445163 
-2.20334903675 -1.75488417392 1.33970865459 -1.78708186523 -1.44132019442 1.30311960363 -2.31431233701 
-2.21937549315 -1.75334703932 1.33845422288 -1.78864502592 -1.44363194474 1.30207296058 -2.29641145923 
-2.23564096509 -1.75172538979 1.33720617548 -1.78975990705 -1.44590967424 1.30111309345 -2.2787042801 
-2.25213588328 -1.75002004861 1.33596652188 -1.79042618796 -1.44815039924 1.30023915763 -2.2612012752 
-2.26858095555 -1.74961292956 1.33637901231 -1.79087484301 -1.44869994997 1.30075905309 -2.244111979 
-2.28524372952 -1.74913922382 1.3367894782 -1.79087461092 -1.44919340877 1.30134687708 -2.22725052048 
-2.30211500637 -1.74859994758 1.33719755595 -1.79042550198 -1.44963044765 1.30200143661 -2.21062640332 
-2.31865416096 -1.74938431265 1.33923611535 -1.78975877091 -1.44835418619 1.30402022459 -2.19470858152 
-2.33538798822 -1.75011953794 1.34125469972 -1.78864342967 -1.44701343354 1.30608774472 -2.17904282725 
-2.35230807517 -1.75080643513 1.34325079076 -1.78707981971 -1.44561067408 1.30820294879 -2.16363714298 
-2.3686084865 -1.75282009297 1.34681857039 -1.78531686809 -1.44252388604 1.31163160615 -2.14918949399 
-2.38508120643 -1.75479937878 1.35034102582 -1.78310642703 -1.43937839631 1.31509218536 -2.13500585061 
-2.40171901645 -1.75674461946 1.35381385969 -1.78044913807 -1.43617927718 1.318584167 -2.12109247518 
-2.41745373302 -1.75999383805 1.35876893432 -1.77762861353 -1.43137538619 1.32332300468 -2.10834117702 
-2.43334132564 -1.76321933362 1.3636488472 -1.77436241733 -1.42653118967 1.32808136186 -2.09585297106 
-2.44937611736 -1.76642085155 1.36844796117 -1.77065143258 -1.42165381926 1.33285943131 -2.08363241387 
-2.4642372693 -1.77087603671 1.37461723423 -1.76683027731 -1.41529508747 1.33880597104 -2.07272779683 
-2.47923659853 -1.77531356864 1.38068016371 -1.76256573539 -1.40892387321 1.3447650046 -2.06207363655 
-2.49437020036 -1.7797326974 1.38663018715 -1.75785885251 -1.4025486782 1.35073741188 -2.05167302393 
-2.50807977025 -1.78532814136 1.39382409738 -1.75311060597 -1.39485069078 1.35779048233 -2.04269351088 
-2.52191860201 -1.79090785586 1.40088203192 -1.74792144635 -1.38717347049 1.36485434202 -2.03394252276 
-2.53588464343 -1.7964708095 1.40779683142 -1.74229249097 -1.37952619364 1.37193038381 -2.02542204211 
-2.54820172301 -1.80310794168 1.41582295414 -1.73670523634 -1.37073928477 1.37999076115 -2.01838367717 
-2.56064509361 -1.80972814183 1.42368732521 -1.73067944217 -1.36200780188 1.38806475907 -2.01154581253 
-2.57321448572 -1.81633036056 1.43138240607 -1.72421620363 -1.35334101608 1.3961540469 -2.0049097099 
-2.58393862998 -1.82388323844 1.44005663814 -1.71789032509 -1.34373174131 1.40512278395 -1.99977914062 
-2.59479136957 -1.83141607851 1.4485487602 -1.71112791929 -1.33421056501 1.41411138131 -1.9948184061 
-2.60577403101 -1.83892805627 1.45685096885 -1.7039299707 -1.32478645597 1.42312156173 -1.99002839446 
-2.61474507725 -1.84724966771 1.46600566313 -1.69697587714 -1.31462152099 1.43289735912 -1.98673714614 
-2.62385101975 -1.85554733048 1.47496412067 -1.68958670333 -1.30457297448 1.44270152402 -1.98358567171 
-2.63309452907 -1.86382062476 1.48371831155 -1.6817632464 -1.29464928059 1.45253566703 -1.98057474839 
-2.64018983217 -1.8727488351 1.49320729114 -1.67429918583 -1.28418334844 1.46301237522 -1.97903293349 
-2.64742875023 -1.88164915272 1.50249230193 -1.66640079966 -1.27385642973 1.47352726674 -1.97760415185 
-2.65481503225 -1.89052166616 1.51156508294 -1.65806863726 -1.2636764477 1.48408174199 -1.97628923182 
-2.6599453461 -1.89988411462 1.52126582551 -1.65021868409 -1.25314427812 1.49514661154 -1.97639734791 
-2.66522884509 -1.90921507209 1.53076091001 -1.6419344252 -1.24276782153 1.50626007281 -1.97659708788 
-2.67067011728 -1.9185151718 1.54004182612 -1.63321612087 -1.23255453999 1.51742327217 -1.97688940142 
-2.67377533391 -1.92813289303 1.54985526706 -1.62510837263 -1.22216716507 1.52895612846 -1.97854744342 
-2.67704286282 -1.93771589235 1.55946666872 -1.61656564345 -1.21194682428 1.54054807267 -1.98028229711 
-2.68047794172 -1.94726533589 1.56886725923 -1.60758788315 -1.20190066093 1.5521999845 -1.98209503602 
-2.6815236818 -1.95695523551 1.57871567581 -1.59935286182 -1.19184484087 1.5640732146 -1.98520865759 
-2.68273957637 -1.96660730878 1.58836996659 -1.59068159926 -1.18196309005 1.57601575119 -1.98839145041 
-2.68413138325 -1.97622321595 1.59782110145 -1.5815737332 -1.17226239241 1.588028203 -1.99164457598 
-2.68310712481 -1.9857997397 1.60764447677 -1.57334295254 -1.16270239451 1.60010732107 -1.99612840293 
-2.68225929006 -1.99533507623 1.61728471246 -1.56467424759 -1.15332059483 1.61226538624 -2.00068091892 
-2.68159408819 -2.00483133313 1.62673253896 -1.55556696103 -1.14412396014 1.62450272254 -2.00530332487 
-2.6785131955 -2.01410776976 1.63648372175 -1.54747159789 -1.13520468139 1.63664727722 -2.0110817372 
-2.67561371621 -2.02333900418 1.64606443482 -1.53893639717 -1.12646626155 1.64887954911 -2.01693502869 
-2.67290229778 -2.0325275528 1.65546519712 -1.52996044023 -1.11791575171 1.66119954346 -2.02286439596 
-2.66780398781 -2.04131744467 1.66510411704 -1.52213003519 -1.10976627286 1.6732641854 -2.02987018712 
-2.66289163153 -2.0500571786 1.67458539408 -1.51385784802 -1.10180014418 1.68542412471 -2.03696286848 
-2.65817234539 -2.05874966406 1.68389936456 -1.5051427468 -1.09402454441 1.69767898751 -2.04414360177 
-2.65222022726 -2.05932680727 1.70104023377 -1.49769453262 -1.09444004664 1.71625307818 -2.0487794355 
-2.64677732368 -2.05931544186 1.71863150777 -1.48980900959 -1.09562443029 1.73541668987 -2.05318381458 
-2.64179637129 -2.05924903649 1.73611777256 -1.48146958719 -1.0970581158 1.7546885083 -2.05761732983 
-2.63464671639 -2.0593615141 1.75278365506 -1.47453846047 -1.09819364911 1.77256824308 -2.06332418997 
-2.6279266412 -2.05932459391 1.7694638247 -1.46718151381 -1.09965713434 1.79064872976 -2.06903084779 
-2.62163524554 -2.05927235277 1.78602099769 -1.45936678625 -1.10135415839 1.80882102457 -2.07482401752 
-2.61317926515 -2.05937798976 1.80149536036 -1.45307109333 -1.1026444634 1.82532105155 -2.08187317399 
-2.60513899527 -2.05933292674 1.81698924216 -1.44633210495 -1.10428346288 1.84203302037 -2.08897053537 
-2.59748982021 -2.05927262883 1.83236936351 -1.43914462407 -1.10614441667 1.85883988088 -2.09617739824 
-2.5876837062 -2.05938748757 1.84637186146 -1.43357777304 -1.10749012314 1.87367179061 -2.10465226123 
-2.57826182267 -2.05934222413 1.86040716243 -1.42758030368 -1.10919067135 1.88872047695 -2.1132022619 
-2.56919607714 -2.05928880332 1.87431950104 -1.42113245561 -1.1111233457 1.90385342942 -2.12191372985 
-2.55800152761 -2.059408358 1.88658391151 -1.41640045211 -1.11241332872 1.91673999726 -2.1318562541 
-2.54717359668 -2.05934779224 1.89889557645 -1.41123319155 -1.11407464187 1.92986159418 -2.14190054778 
-2.53666570961 -2.05927838383 1.91107531184 -1.40562235866 -1.11596956327 1.94305455635 -2.15214603141 
-2.52407510904 -2.0594041244 1.92132489162 -1.40180293197 -1.11707232581 1.95373130168 -2.16358292351 
-2.51182669399 -2.05934128223 1.93162108565 -1.39757169422 -1.11858962373 1.964623032 -2.17515696792 
-2.49987514969 -2.05926485245 1.94177293497 -1.39288309866 -1.12031783577 1.97558706717 -2.18695872995 
-2.48589073861 -2.05942482353 1.94973177482 -1.39010358154 -1.12109938363 1.98376062843 -2.19986600278 
-2.47224973748 -2.05942030967 1.95768323136 -1.38685268923 -1.12226571565 1.99212886285 -2.21296474605 
-2.45885755519 -2.0594824484 1.96541278891 -1.38314108881 -1.12357470011 2.00049600908 -2.22634866154 
-2.44391740697 -2.05902811538 1.97153536521 -1.38138736305 -1.12467180659 2.0065890336 -2.2403475632 
-2.42924548434 -2.05854963301 1.9774842498 -1.37918676628 -1.12599599866 2.01272314927 -2.25462540673 
-2.41484675805 -2.05805452862 1.98325365515 -1.37653873744 -1.12754937406 2.01889166845 -2.26918219752 
-2.39962102483 -2.05605205427 1.98842839907 -1.37587591424 -1.12992463731 2.02369783037 -2.28360069788 
-2.38467679252 -2.05403618962 1.99341088672 -1.37476637765 -1.13252111998 2.02853057533 -2.29830532323 
-2.37001778238 -2.05201475899 1.99819707156 -1.37320985173 -1.13533883927 2.03338257741 -2.31329494701 
-2.35478017855 -2.04850101028 2.00228911176 -1.37365683815 -1.13892914345 2.0367941933 -2.32792982831 
-2.33983180347 -2.04498757652 2.00617224386 -1.37365705887 -1.14272992079 2.04021768234 -2.34285130703 
-2.3251749815 -2.04148226675 2.00984445866 -1.37321053483 -1.14673905342 2.04364537222 -2.35805695931 
-2.31017773018 -2.03653420297 2.01274385807 -1.37476751957 -1.15144371037 2.04558459814 -2.372670868 
-2.29547052661 -2.03160181505 2.01542160831 -1.37587749359 -1.15634417313 2.04752223499 -2.38756531694 
-2.28105433045 -2.02669256147 2.01787786249 -1.37654077448 -1.16143632429 2.04945059095 -2.40273656141 
-2.26652043798 -2.0204161321 2.01950333479 -1.37918827173 -1.16713089911 2.04987100462 -2.41707030807 
-2.25227019926 -2.01417097958 2.02089942291 -1.3813883584 -1.17300440134 2.05027881872 -2.43167301958 
-2.23830338788 -2.00796391015 2.02206838046 -1.3831416362 -1.17905100522 2.05066662762 -2.44653977153 
-2.22442251392 -2.00048734459 2.02237227013 -1.38684106711 -1.18559683948 2.04955761323 -2.46032170682 
-2.21081471873 -1.99305425653 2.02243204181 -1.39009371596 -1.19230788074 2.04841209316 -2.47436231911 
-2.19746870179 -1.98568253149 2.02228269653 -1.39289717828 -1.1991616761 2.04726643629 -2.48864282709 
-2.18439665681 -1.97714958102 2.02125220174 -1.39759204353 -1.20641661976 2.04465529863 -2.50160042985 
-2.17157669794 -1.96867464873 2.01999179965 -1.40183865194 -1.21381885531 2.04201971667 -2.51479451192 
-2.15900703216 -1.96026265507 2.01850713629 -1.40563808721 -1.22136032682 2.03935347318 -2.52821873075 
-2.14686812838 -1.95082650825 2.01616220737 -1.41125562103 -1.22918888806 2.03530499753 -2.54009100852 
-2.13495893325 -1.94145769397 2.01359272306 -1.41642473311 -1.23715404923 2.03123131656 -2.55218298329 
-2.12327725568 -1.93216009383 2.01080544413 -1.42114668178 -1.24524720607 2.027126919 -2.56448815549 
-2.11216868802 -1.921978503 2.00719430844 -1.4275998407 -1.25352843966 2.02174025752 -2.57503661307 
-2.10126535447 -1.91187027731 2.00336582336 -1.43360476802 -1.26194075876 2.01633030428 -2.58578986047 
-2.09056485146 -1.9018383075 1.99932746174 -1.43916283902 -1.27047528397 2.01089221808 -2.59674153641 
-2.0805622044 -1.89106993706 1.99452110823 -1.44635246646 -1.27910741368 2.00429593091 -2.60575856313 
-2.07073999504 -1.88037768272 1.98950505778 -1.45309450224 -1.28787062213 1.99768000114 -2.61496815858 
-2.06109573052 -1.86976354435 1.98428714557 -1.45939037334 -1.29675593343 1.99104018051 -2.62436428426 
-2.05225897371 -1.85856541487 1.97837399694 -1.46720739259 -1.30565742484 1.9833862169 -2.63167795299 
-2.04357922194 -1.84744310694 1.97225817936 -1.47457794721 -1.31469507217 1.97571703411 -2.63917466753 
-2.03505396535 -1.83639785268 1.96594762373 -1.48150344651 -1.32385990787 1.96802889517 -2.64684878661 
-2.02743342977 -1.8249235765 1.95902936772 -1.48983096398 -1.33296741532 1.95948646946 -2.65232414957 
-2.0199493657 -1.81352214885 1.95191427279 -1.49771360173 -1.34222024725 1.95093323339 -2.65797509478 
-2.01259928471 -1.80219415641 1.94461019302 -1.50515268153 -1.35160950654 1.94236590193 -2.66379637176 
-2.00624121826 -1.79059265113 1.93679932717 -1.51386792282 -1.36087352059 1.93311600712 -2.66733401504 
-2.00000333067 -1.77905875341 1.92879622994 -1.52214023182 -1.37029477991 1.92385919973 -2.67104081865 
-1.99388317575 -1.76759250954 1.92060859671 -1.52997077635 -1.37986450353 1.91459262272 -2.67491187635 
-1.98883453158 -1.75600693658 1.91202781911 -1.53894682101 -1.38924362291 1.90482361123 -2.67644488635 
-1.98389512203 -1.74448185708 1.90325868146 -1.54748209091 -1.39879316769 1.89505090567 -2.67814058544 
-1.97906255894 -1.73301685593 1.89430871756 -1.55557754097 -1.40850451649 1.88527208944 -2.67999436358 
-1.97537469458 -1.72158362495 1.88509194915 -1.56468486193 -1.41795914613 1.87517642608 -2.67948491721 
-1.97179129693 -1.71020224948 1.87569085304 -1.57335358254 -1.42759712706 1.86507973298 -2.67913074619 
-1.96831005295 -1.69887190364 1.8661128624 -1.58158439669 -1.43741003969 1.85498007565 -2.67892751741 
-1.96831005295 -1.69887190364 1.8661128624 -1.58158439669 -1.43741003969 1.85498007565 -2.67892751741 
-1.91512211262 -1.65281454582 1.81589367696 -1.53867351688 -1.3988079019 1.80479225879 -2.60661750113 
-1.86193417229 -1.60675718801 1.76567449152 -1.49576263706 -1.36020576412 1.75460444193 -2.53430748485 
-1.80874623196 -1.5606998302 1.71545530608 -1.45285175725 -1.32160362634 1.70441662506 -2.46199746858 
-1.75555829163 -1.51464247238 1.66523612065 -1.40994087743 -1.28300148856 1.6542288082 -2.3896874523 
-1.70237035129 -1.46858511457 1.61501693521 -1.36702999762 -1.24439935078 1.60404099134 -2.31737743602 
-1.64918241096 -1.42252775675 1.56479774977 -1.32411911781 -1.20579721299 1.55385317448 -2.24506741974 
-1.59599447063 -1.37647039894 1.51457856433 -1.28120823799 -1.16719507521 1.50366535761 -2.17275740346 
-1.5428065303 -1.33041304113 1.4643593789 -1.23829735818 -1.12859293743 1.45347754075 -2.10044738719 
-1.48961858996 -1.28435568331 1.41414019346 -1.19538647836 -1.08999079965 1.40328972389 -2.02813737091 
-1.43643064963 -1.2382983255 1.36392100802 -1.15247559855 -1.05138866187 1.35310190703 -1.95582735463 
-1.3832427093 -1.19224096768 1.31370182258 -1.10956471874 -1.01278652409 1.30291409017 -1.88351733835 
-1.33005476897 -1.14618360987 1.26348263715 -1.06665383892 -0.974184386303 1.2527262733 -1.81120732208 
-1.27686682864 -1.10012625205 1.21326345171 -1.02374295911 -0.935582248521 1.20253845644 -1.7388973058 
-1.2236788883 -1.05406889424 1.16304426627 -0.980832079293 -0.896980110739 1.15235063958 -1.66658728952 
-1.17049094797 -1.00801153643 1.11282508083 -0.937921199479 -0.858377972957 1.10216282272 -1.59427727324 
-1.11730300764 -0.961954178612 1.0626058954 -0.895010319665 -0.819775835175 1.05197500585 -1.52196725696 
-1.06411506731 -0.915896820798 1.01238670996 -0.852099439851 -0.781173697394 1.00178718899 -1.44965724069 
-1.01092712698 -0.869839462984 0.962167524523 -0.809188560037 -0.742571559612 0.95159937213 -1.37734722441 
-0.957739186643 -0.82378210517 0.911948339085 -0.766277680223 -0.70396942183 0.901411555268 -1.30503720813 
-0.904551246311 -0.777724747356 0.861729153648 -0.723366800409 -0.665367284048 0.851223738406 -1.23272719185 
-0.851363305979 -0.731667389542 0.811509968211 -0.680455920595 -0.626765146266 0.801035921544 -1.16041717557 
-0.798175365647 -0.685610031727 0.761290782773 -0.63754504078 -0.588163008484 0.750848104682 -1.0881071593 
-0.744987425314 -0.639552673913 0.711071597336 -0.594634160966 -0.549560870702 0.700660287819 -1.01579714302 
-0.691799484982 -0.593495316099 0.660852411899 -0.551723281152 -0.51095873292 0.650472470957 -0.943487126741 
-0.63861154465 -0.547437958285 0.610633226461 -0.508812401338 -0.472356595138 0.600284654095 -0.871177110463 
-0.585423604318 -0.501380600471 0.560414041024 -0.465901521524 -0.433754457356 0.550096837233 -0.798867094185 
-0.532235663986 -0.455323242657 0.510194855587 -0.42299064171 -0.395152319574 0.499909020371 -0.726557077907 
-0.479047723653 -0.409265884843 0.459975670149 -0.380079761896 -0.356550181792 0.449721203508 -0.654247061629 
-0.425859783321 -0.363208527028 0.409756484712 -0.337168882082 -0.31794804401 0.399533386646 -0.581937045351 
-0.372671842989 -0.317151169214 0.359537299275 -0.294258002268 -0.279345906229 0.349345569784 -0.509627029073 
-0.319483902657 -0.2710938114 0.309318113837 -0.251347122454 -0.240743768447 0.299157752922 -0.437317012795 
-0.266295962325 -0.225036453586 0.2590989284 -0.20843624264 -0.202141630665 0.24896993606 -0.365006996518 
-0.213108021993 -0.178979095772 0.208879742962 -0.165525362826 -0.163539492883 0.198782119198 -0.29269698024 
-0.15992008166 -0.132921737958 0.158660557525 -0.122614483012 -0.124937355101 0.148594302335 -0.220386963962 
-0.106732141328 -0.0868643801436 0.108441372088 -0.0797036031978 -0.086335217319 0.0984064854732 -0.148076947684 
-0.053544200996 -0.0408070223294 0.0582221866504 -0.0367927233837 -0.0477330795371 0.048218668611 -0.0757669314059 
-0.00035626066383 0.00525033548474 0.00800300121307 0.00611815643031 -0.00913094175514 -0.00196914825123 -0.00345691512804 
