-0.00035626066383 0.00525033548474 0.00800300121307 0.00611815643031 -0.00913094175514 -0.00196914825123 -0.00345691512804 
-0.0298830281192 0.0594893497597 0.0267767796625 -0.06897407375 0.0299481482595 -0.0809490213448 0.0490356047823 
-0.0594097955745 0.113728364035 0.0455505581119 -0.14406630393 0.069027238274 -0.159928894438 0.101528124693 
-0.0889365630299 0.16796737831 0.0643243365614 -0.219158534111 0.108106328289 -0.238908767532 0.154020644603 
-0.118463330485 0.222206392585 0.0830981150108 -0.294250764291 0.147185418303 -0.317888640625 0.206513164513 
-0.147990097941 0.27644540686 0.10187189346 -0.369342994471 0.186264508318 -0.396868513719 0.259005684424 
-0.177516865396 0.330684421135 0.12064567191 -0.444435224652 0.225343598332 -0.475848386812 0.311498204334 
-0.207043632851 0.38492343541 0.139419450359 -0.519527454832 0.264422688347 -0.554828259906 0.363990724244 
-0.236570400307 0.439162449685 0.158193228809 -0.594619685012 0.303501778362 -0.633808133 0.416483244155 
-0.266097167762 0.49340146396 0.176967007258 -0.669711915193 0.342580868376 -0.712788006093 0.468975764065 
-0.295623935217 0.547640478235 0.195740785707 -0.744804145373 0.381659958391 -0.791767879187 0.521468283975 
-0.325150702673 0.60187949251 0.214514564157 -0.819896375553 0.420739048405 -0.87074775228 0.573960803886 
-0.354677470128 0.656118506785 0.233288342606 -0.894988605734 0.45981813842 -0.949727625374 0.626453323796 
-0.384204237583 0.71035752106 0.252062121056 -0.970080835914 0.498897228435 -1.02870749847 0.678945843706 
-0.413731005039 0.764596535335 0.270835899505 -1.04517306609 0.537976318449 -1.10768737156 0.731438363617 
-0.443257772494 0.81883554961 0.289609677955 -1.12026529627 0.577055408464 -1.18666724465 0.783930883527 
-0.472784539949 0.873074563885 0.308383456404 -1.19535752645 0.616134498478 -1.26564711775 0.836423403437 
-0.502311307405 0.92731357816 0.327157234853 -1.27044975664 0.655213588493 -1.34462699084 0.888915923348 
-0.53183807486 0.981552592435 0.345931013303 -1.34554198682 0.694292678507 -1.42360686393 0.941408443258 
-0.561364842315 1.03579160671 0.364704791752 -1.420634217 0.733371768522 -1.50258673703 0.993900963168 
-0.590891609771 1.09003062098 0.383478570202 -1.49572644718 0.772450858537 -1.58156661012 1.04639348308 
-0.620418377226 1.14426963526 0.402252348651 -1.57081867736 0.811529948551 -1.66054648322 1.09888600299 
-0.649945144681 1.19850864953 0.421026127101 -1.64591090754 0.850609038566 -1.73952635631 1.1513785229 
-0.679471912137 1.25274766381 0.43979990555 -1.72100313772 0.88968812858 -1.8185062294 1.20387104281 
-0.708998679592 1.30698667808 0.458573683999 -1.7960953679 0.928767218595 -1.8974861025 1.25636356272 
-0.708998679592 1.30698667808 0.458573683999 -1.7960953679 0.928767218595 -1.8974861025 1.25636356272 
-0.713862178563 1.31223648039 0.454249394948 -1.81661272041 0.922736539478 -1.90689489074 1.28153341717 
-0.70283976388 1.31659823981 0.464767686239 -1.82403391396 0.935666350093 -1.92533349785 1.28819787902 
-0.691637034343 1.32128737231 0.475478691548 -1.83083659103 0.94879576916 -1.94369553346 1.29494560193 
-0.680252443228 1.32629666852 0.486375304248 -1.83701777401 0.962114484893 -1.96197462231 1.30177855123 
-0.668684375597 1.33161832478 0.497449747824 -1.84257459139 0.975611560551 -1.98016386485 1.30869818834 
-0.656931152906 1.33724391437 0.508693607994 -1.84750434281 0.989275482593 -1.99825586372 1.31570544349 
-0.644991029136 1.34316436562 0.520097857149 -1.85180453718 1.00309418466 -2.01624273858 1.32280068062 
-0.632862187693 1.34936994399 0.5316528847 -1.85547292745 1.01705507567 -2.03411614387 1.32998365958 
-0.620542739201 1.35585023819 0.543348532936 -1.85850754155 1.03114507138 -2.0518672899 1.33725349555 
-0.597980050595 1.35655868436 0.544494208578 -1.86091605271 1.05702303343 -2.05948853493 1.35109275832 
-0.568150115608 1.35319050428 0.538240129753 -1.86267171807 1.09104647351 -2.05948853493 1.36898733854 
-0.538779855065 1.35025531225 0.532821576892 -1.86381287363 1.12424284671 -2.05948853493 1.38575740678 
-0.509821840422 1.34775192282 0.528142142099 -1.86429544265 1.15665047226 -2.05948853493 1.40147822044 
-0.481255523964 1.34560457474 0.524131381711 -1.86414165623 1.18832357655 -2.05948853493 1.41619390526 
-0.453050949604 1.34376837894 0.520718207656 -1.86335239308 1.21930436375 -2.05948853493 1.42994688541 
-0.425181042494 1.34220456978 0.517835312701 -1.8619277209 1.24962748196 -2.05948853493 1.44277312516 
-0.397600052428 1.34090576566 0.515412318985 -1.85984383666 1.27932220073 -2.05948853493 1.45471595341 
-0.370311252659 1.33979662727 0.513397124201 -1.8571420122 1.30841952075 -2.05948853493 1.46578860601 
-0.343279548518 1.33887034097 0.511726597817 -1.85380483096 1.33693911008 -2.05948853493 1.47602178417 
-0.316482657774 1.33810250063 0.510344013759 -1.84983385693 1.36490092505 -2.05948853493 1.485437165 
-0.289899798193 1.33747035703 0.509194897501 -1.84523182127 1.39232278618 -2.05948853493 1.49405334246 
-0.263528885232 1.33693436471 0.508230781333 -1.84001821906 1.4192197454 -2.05948853493 1.50187596986 
-0.237298012302 1.33653233033 0.507388474587 -1.83414807778 1.44560976633 -2.05948853493 1.50895036491 
-0.211241242836 1.33619358622 0.506630546337 -1.8276712431 1.47150265789 -2.05948853493 1.51525740706 
-0.185320660261 1.33592525294 0.505904299107 -1.82057244017 1.49691303205 -2.05948853493 1.52081878845 
-0.159517335011 1.33571827691 0.50516269333 -1.81285481951 1.52185274823 -2.05948853493 1.52564617397 
-0.133816089393 1.33555737181 0.50436084524 -1.80452315431 1.54633527864 -2.05948853493 1.52974312449 
-0.108203316254 1.33543850515 0.503454696041 -1.79558200068 1.57036791513 -2.05948853493 1.53311880069 
-0.0826635631452 1.33535263091 0.502401288766 -1.78603447099 1.59396227384 -2.05948853493 1.53577784526 
-0.0571745513751 1.33529434186 0.501157219949 -1.77588017344 1.61713627879 -2.05948853493 1.53772319279 
-0.031731760807 1.33527708885 0.499680733651 -1.76511162705 1.63988667888 -2.05948853493 1.53895690815 
-0.00628271693645 1.3352294003 0.497921405715 -1.75376813487 1.6622754508 -2.05947791379 1.5394677748 
0.0191289620814 1.33526167704 0.495870578823 -1.74181066551 1.68424689887 -2.05948853493 1.53930092572 
0.0446216716485 1.33524114815 0.493397769646 -1.72929629417 1.70593813748 -2.05943286602 1.53842605091 
0.0702067856891 1.33524862777 0.490459592035 -1.71613436089 1.72730492064 -2.05932307049 1.53680046031 
0.0957879182239 1.33528360816 0.487122075525 -1.70240941561 1.74831682466 -2.05923946178 1.53448167661 
0.121471159191 1.33534637185 0.483285017023 -1.68808376519 1.76904081272 -2.05914338885 1.53142767065 
0.147246113172 1.33542694843 0.478889189417 -1.6731688 1.789494149 -2.05900780153 1.5276454363 
0.173279291811 1.3354696037 0.473754403035 -1.65767267137 1.80981972128 -2.05872091901 1.523086104 
0.199371359785 1.33560064552 0.468067578882 -1.64157471879 1.82985600377 -2.05848282158 1.51779786712 
0.225321498423 1.33593550243 0.462069639692 -1.62488017661 1.84944025477 -2.05852881903 1.51185045569 
0.251556556216 1.33627141917 0.455210199706 -1.60759619036 1.86895141664 -2.05843024976 1.50510392202 
0.277987289572 1.33668574812 0.447577004818 -1.58971252981 1.88832829033 -2.05830371634 1.49757993997 
0.304620029991 1.33720058808 0.43913840038 -1.57122370068 1.90759234901 -2.05816508517 1.48926850719 
0.331461770133 1.33784220959 0.429857181885 -1.55212354564 1.92676998954 -2.05802691007 1.48015951307 
0.358514567691 1.3386411465 0.41970078049 -1.53240449573 1.94588439961 -2.05790621113 1.47024298363 
0.385793093146 1.33962409287 0.408619071392 -1.51205759177 1.96497195783 -2.05780869402 1.45950238551 
0.413327543527 1.34081354478 0.396538497436 -1.4910728156 1.98408683154 -2.05772644489 1.44791241654 
0.441151677222 1.342234376 0.38337498487 -1.46943913044 2.00329118928 -2.05764964778 1.43544371842 
0.46929962448 1.34391655592 0.369042148733 -1.44714171547 2.02265322984 -2.05757018308 1.42206096904 
0.497784225402 1.3459021229 0.353477327623 -1.42416592169 2.04222810034 -2.05750162715 1.40773770735 
0.488404492528 1.35301329897 0.347347961078 -1.43318419806 2.03601978768 -2.04320605794 1.4154464259 
0.479077714156 1.36042147936 0.341011879261 -1.44157463905 2.02949417936 -2.02903018027 1.42290943938 
0.469800632735 1.36811939274 0.334472692412 -1.44933999519 2.0226689181 -2.01497460404 1.43013361099 
0.460570073386 1.37609988908 0.327734299817 -1.45648257099 2.01556130833 -2.00103979785 1.43712475793 
0.451382922791 1.38435591859 0.320800896874 -1.46300431321 2.00818836682 -1.98722610801 1.44388776517 
0.44223611022 1.39288053468 0.313676984036 -1.46890685589 2.00056686378 -1.97353376821 1.45042667028 
0.433126590005 1.40166689867 0.306367370506 -1.47419156068 1.99271335531 -1.95996290822 1.45674473987 
0.424051325305 1.4107082858 0.298877173034 -1.47885955275 1.98464420822 -1.94651356234 1.46284453844 
0.415007272979 1.41999809257 0.29121181015 -1.48291175252 1.9763756176 -1.93318567733 1.46872799033 
0.405991369465 1.42952984495 0.283376992126 -1.48634890336 1.9679236181 -1.91997912018 1.47439643556 
0.397000517547 1.43929720738 0.275378707003 -1.48917159543 1.95930408925 -1.90689368564 1.4798506799 
0.388031573924 1.44929399245 0.267223202948 -1.49138028572 1.95053275572 -1.89392910363 1.48509103976 
0.379081337504 1.45951417088 0.258916967288 -1.4929753145 1.94162518296 -1.88108504651 1.49011738223 
0.370146538355 1.46995188191 0.250466702524 -1.49395691802 1.9325967689 -1.86836113617 1.49492916058 
0.361223827242 1.48060144382 0.241879299668 -1.49432523775 1.92346273221 -1.85575695101 1.49952544564 
0.352309765689 1.49145736467 0.233161809248 -1.49408032598 1.91423809785 -1.84327203267 1.50390495318 
0.343400816499 1.50251435291 0.224321410325 -1.49322214799 1.90493768026 -1.83090589258 1.50806606756 
0.33449333465 1.51376732819 0.215365377912 -1.4917505806 1.89557606491 -1.8186580182 1.51200686195 
0.325583558504 1.52521143206 0.206301049131 -1.48966540725 1.88616758848 -1.806527879 1.51572511512 
0.316667601225 1.53684203875 0.197135788496 -1.48696630952 1.87672631845 -1.7945149321 1.5192183251 
0.307741442316 1.54865476589 0.187876952677 -1.48365285512 1.86726603224 -1.78261862757 1.52248371981 
0.298800919158 1.56064548552 0.178531855091 -1.47972448216 1.85780019648 -1.77083841337 1.52551826469 
0.289841718428 1.57281033506 0.16910773066 -1.47518047992 1.84834194669 -1.75917373989 1.52831866757 
0.280859367258 1.58514572879 0.159611701056 -1.47001996569 1.83890406779 -1.74762406418 1.53088138071 
0.271849223972 1.59764836952 0.150050740712 -1.46424185794 1.82949897556 -1.73618885382 1.53320260009 
0.262806468242 1.61031526099 0.140431643869 -1.45784484535 1.82013869943 -1.72486759045 1.53527826202 
0.253726090448 1.62314372085 0.130760992882 -1.4508273518 1.81083486669 -1.71365977303 1.53710403703 
0.244602880054 1.63613139462 0.121045127985 -1.44318749691 1.80159868829 -1.70256492085 1.53867532084 
0.235431412751 1.6492762707 0.111290118657 -1.43492305205 1.79244094632 -1.69158257639 1.53998722259 
0.22620603611 1.66257669678 0.101501736707 -1.42603139123 1.78337198323 -1.680712308 1.54103454999 
0.216920853466 1.67603139784 0.0916854311515 -1.41650943671 1.77440169271 -1.66995371247 1.54181179115 
0.207569705697 1.68963949611 0.0818463049033 -1.4063535987 1.76553951231 -1.6593064177 1.54231309313 
0.198146150559 1.70340053327 0.071989093262 -1.39555970847 1.75679441762 -1.64877008529 1.54253223654 
0.188643439157 1.71731449542 0.0621181441421 -1.38412294421 1.74817491792 -1.63834441331 1.54246260605 
0.179054489098 1.73138184119 0.0522373999356 -1.37203774866 1.73968905312 -1.62802913923 1.54209715616 
0.169371853812 1.74560353362 0.04235038086 -1.35929773737 1.73134439184 -1.61782404304 1.54142837175 
0.159587687417 1.7599810764 0.0324601695995 -1.3458955962 1.7231480303 -1.60772895062 1.5404482226 
0.149693704428 1.77451655539 0.0225693970012 -1.3318229664 1.71510659189 -1.59774373753 1.53914811095 
0.13968113348 1.78921268626 0.0126802285395 -1.31707031517 1.70722622689 -1.58786833297 1.53751881116 
0.129540664073 1.80407286945 0.00279435121401 -1.30162678923 1.69951261224 -1.57810272426 1.53555039996 
0.119262385145 1.81910125384 -0.00708703951285 -1.28548004818 1.69197095073 -1.5684469616 1.53323217573 
0.108835714054 1.83430281089 -0.0169632531935 -1.26861607404 1.68460596931 -1.55890116328 1.53055256486 
0.0982493142064 1.84968342138 -0.0268341188188 -1.25101895199 1.67742191585 -1.54946552119 1.52749901266 
0.0874909991793 1.86524997731 -0.0367000008078 -1.23267061658 1.67042255384 -1.54014030673 1.52405785562 
0.0765476206687 1.88101050251 -0.0465618172969 -1.21355055585 1.66361115429 -1.53092587699 1.52021417141 
0.0654049369079 1.89697429594 -0.056421061604 -1.19363546412 1.65699048387 -1.52182268109 1.51595160145 
0.0540474573213 1.91315210326 -0.0662798279271 -1.17289883135 1.65056278833 -1.51283126674 1.51125213998 
0.0424582580069 1.92955632347 -0.0761408425816 -1.15131045383 1.64432976993 -1.50395228661 1.5060958817 
0.0306187610692 1.94620125984 -0.0860075024071 -1.1288358461 1.63829255707 -1.49518650451 1.50046071734 
0.0185084687037 1.96310342676 -0.0958839224146 -1.10543552798 1.63245166426 -1.48653480095 1.49432196387 
0.0245741905467 1.93688445781 -0.0924827462612 -1.14155402282 1.6339832169 -1.48834017726 1.50397265841 
0.0304336033804 1.91106937063 -0.08913405323 -1.17642232964 1.63560743562 -1.49024696278 1.51280299059 
0.0361076699735 1.88560550286 -0.0858282126545 -1.2101381868 1.63732879263 -1.49225302082 1.52085741203 
0.0416144733998 1.86044724051 -0.0825567595116 -1.24278465744 1.63915122659 -1.49435680401 1.52817296789 
0.0469697542606 1.83555461 -0.079312191372 -1.27443298875 1.64107823803 -1.49655724915 1.53478071421 
0.0521873248635 1.81089229797 -0.0760878103114 -1.30514464109 1.64311296422 -1.49885372032 1.54070674385 
0.0572793945156 1.78642888521 -0.0728775983195 -1.33497288002 1.64525823225 -1.50124596447 1.54597299423 
0.0622568281045 1.76213624134 -0.0696761183313 -1.36396404055 1.64751659597 -1.5037340766 1.55059789187 
0.0671293538918 1.73798904215 -0.0664784351594 -1.39215854243 1.64989036064 -1.50631847219 1.55459687334 
0.0719057321447 1.71396438192 -0.0632800521028 -1.41959171358 1.65238159794 -1.50899986531 1.55798281139 
0.0765938932145 1.69004146012 -0.060076860075 -1.44629446402 1.65499215348 -1.51177925104 1.56076636772 
0.0812010515232 1.66620132723 -0.0568650968625 -1.47229384213 1.65772364791 -1.51465789131 1.56295628843 
0.085738480398 1.64243250507 -0.0536419984863 -1.49759391855 1.66058848586 -1.517644675 1.56454170777 
0.0902010513709 1.61870182845 -0.0504052203769 -1.52227406817 1.6635577993 -1.52071640128 1.56558183031 
0.0946026954469 1.59501199398 -0.047148225493 -1.54629350863 1.66665946522 -1.52390284594 1.56602770065 
0.0989467162343 1.57134406832 -0.0438705285724 -1.56968736711 1.66988615993 -1.52719605592 1.56590027751 
0.103237902408 1.54768593696 -0.0405697375402 -1.59246902339 1.67323823835 -1.53059848303 1.56520187191 
0.107480714039 1.52402656 -0.0372436968002 -1.61464989346 1.67671574916 -1.53411279486 1.56393397205 
0.111679318084 1.50035591977 -0.0338904833326 -1.63623960684 1.6803184103 -1.53774186763 1.56209736366 
0.115837618969 1.47666498246 -0.0305084055344 -1.65724616134 1.68404558208 -1.54148877872 1.55969224157 
0.119959285018 1.45294567202 -0.0270960044525 -1.67767605923 1.68789623803 -1.54535679825 1.55671831436 
0.124047771343 1.4291908547 -0.0236520570879 -1.69753442797 1.69186893369 -1.54934937968 1.55317490369 
0.128106339667 1.40539433302 -0.0201755814694 -1.71682512819 1.69596177366 -1.55347014906 1.5490610397 
0.13213807551 1.38155084802 -0.0166658432052 -1.73555085125 1.70017237711 -1.55772289269 1.54437555331 
0.136145903033 1.35765608887 -0.0131223632178 -1.7537132082 1.70449784209 -1.56211154301 1.53911716643 
0.140132597835 1.33370670873 -0.00954492635802 -1.77131281192 1.70893470897 -1.56664016233 1.53328458054 
0.144100797901 1.3097003461 -0.00593359057991 -1.78834935373 1.7134789235 -1.57131292447 1.52687656406 
0.148053012885 1.28563565082 -0.00228869633531 -1.80482167569 1.71812579992 -1.57613409383 1.5198920389 
0.151991631865 1.26151231369 0.00138912417508 -1.82072783974 1.72286998464 -1.58110800194 1.51233016599 
0.155918929696 1.23733109892 0.00509893828444 -1.83606519441 1.72770542125 -1.58623902117 1.50419042999 
0.159837072035 1.21309387845 0.00883950509117 -1.85083044006 1.73262531736 -1.59153153573 1.4954727228 
0.163748119144 1.18880366709 0.0126092690766 -1.8650196931 1.73762211418 -1.5969899097 1.48617742545 
0.167654028513 1.16446465748 0.0164063555646 -1.8786285499 1.74268745962 -1.60261845218 1.47630548799 
0.171556656387 1.14008225366 0.020228568489 -1.89165215067 1.74781218573 -1.60842137958 1.46585850657 
0.175457758241 1.11566310225 0.0240733909354 -1.90408524382 1.75298629142 -1.61440277528 1.45483879705 
0.179358988281 1.09121511977 0.0279379889107 -1.91592225078 1.75819893137 -1.62056654661 1.44324946407 
0.183261898041 1.06674751502 0.031819218767 -1.92715733166 1.7634384121 -1.6269163797 1.4310944648 
0.187167934158 1.04227080517 0.0357136386604 -1.93778445157 1.76869219592 -1.63345569235 1.41837866607 
0.191078435433 1.01779682414 0.039617524361 -1.94779744767 1.77394691374 -1.6401875854 1.40510789386 
0.194994629304 0.993338722249 0.0435268896479 -1.95719009666 1.77918838736 -1.64711479318 1.39128897398 
0.198917627872 0.968910955658 0.0474375114142 -1.96595618245 1.78440166182 -1.65423963357 1.37692976275 
0.202848423651 0.94452926466 0.0513449594899 -1.97408956376 1.78957104818 -1.66156395835 1.36203916657 
0.206787885244 0.920210639774 0.0552446310448 -1.98158424095 1.79468017696 -1.6690891047 1.34662714944 
0.210736753159 0.895973274859 0.0591317892876 -1.98843442182 1.79971206218 -1.67681584848 1.33070472742 
0.214695636012 0.871836506662 0.0630016060148 -1.99463458553 1.80464917564 -1.68474436028 1.31428394939 
0.218665007364 0.84782074049 0.0668492074066 -2.00017954413 1.80947353076 -1.69287416516 1.29737786366 
0.222645203482 0.823947361973 0.0706697223145 -2.00506450092 1.81416677526 -1.70120410671 1.28000047004 
0.22663642226 0.800238635241 0.0744583321494 -2.00928510498 1.8187102912 -1.70973231663 1.2621666576 
0.230638723599 0.776717588141 0.0782103213682 -2.01283750107 1.82308530115 -1.71845619039 1.2438921283 
0.234652031467 0.753407885516 0.0819211274733 -2.0157183743 1.82727297849 -1.72737236974 1.22519330731 
0.239463235002 0.778781601323 0.0842514228729 -2.00751831516 1.83369034767 -1.72747874262 1.24340988398 
0.244275368484 0.804191611485 0.0865224215871 -1.99867736085 1.83993602207 -1.72751987658 1.26101658162 
0.249087588269 0.829619301269 0.0887356301539 -1.98920263972 1.84600606394 -1.72750928401 1.27800192299 
0.253899173174 0.85504759322 0.0908927631521 -1.97910136053 1.85189752904 -1.72746025564 1.29435627258 
0.258709536888 0.880460930896 0.0929957045024 -1.96838076539 1.85760837866 -1.72738579648 1.31007175172 
0.263518238878 0.90584529406 0.0950464801009 -1.95704805592 1.8631374083 -1.72729855729 1.32514215816 
0.268324994149 0.931188199991 0.0970472315978 -1.94511032047 1.86848417292 -1.72721077611 1.33956287179 
0.27312968186 0.956478692475 0.0990001917442 -1.93257446246 1.87364891049 -1.72713422979 1.35333074916 
0.277932352863 0.981707320142 0.10090766162 -1.91944713028 1.87863246508 -1.72708019558 1.36644400905 
0.282733236261 1.00686610585 0.102771989953 -1.90573464872 1.88343621098 -1.72705942241 1.37890211155 
0.287532745123 1.03194850885 0.104595554643 -1.89144295213 1.88806197895 -1.72708211145 1.39070563265 
0.292331481528 1.05694938137 0.106380746536 -1.87657751897 1.89251198527 -1.72715790521 1.40185613618 
0.297130241113 1.0818649213 0.108129955421 -1.86114330772 1.89678876457 -1.72729588474 1.41235604474 
0.301930017339 1.10669262246 0.109845558178 -1.84514469382 1.90089510676 -1.72750457388 1.42220851106 
0.306732005682 1.13143122384 0.111529908956 -1.82858540707 1.90483399855 -1.72779195004 1.4314172906 
0.311537607977 1.15608065928 0.113185331253 -1.81146846918 1.90860856967 -1.72816546068 1.43998661656 
0.316348437128 1.18064200864 0.114814111732 -1.7937961307 1.9122220439 -1.72863204461 1.44792107756 
0.321166322438 1.20511745172 0.116418495616 -1.77556980663 1.91567769489 -1.72919815769 1.45522549848 
0.325993315781 1.22951022585 0.118000683491 -1.7567900099 1.91897880668 -1.72986980207 1.46190482455 
0.330831698874 1.25382458825 0.119562829347 -1.73745628177 1.92212863862 -1.73065255853 1.46796400849 
0.335683991909 1.27806578385 0.12110703971 -1.71756711794 1.92513039452 -1.73155162145 1.47340790046 
0.340552963828 1.3022400197 0.122635373698 -1.69711988923 1.92798719574 -1.73257183606 1.47824114027 
0.345441644547 1.32635444664 0.124149843876 -1.67611075529 1.93070205788 -1.7337177376 1.48246805117 
0.35035333947 1.35041714923 0.125652417766 -1.65453456972 1.93327787065 -1.73499359239 1.4860925342 
0.355291646665 1.37443714487 0.127145019897 -1.63238477453 1.93571738076 -1.73640344054 1.48911796225 
0.360260477173 1.39842439315 0.128629534266 -1.60965328178 1.93802317722 -1.73795114057 1.4915470721 
0.365264078934 1.42238981676 0.130107807129 -1.58633033959 1.94019767898 -1.73964041596 1.49338185331 
0.37030706496 1.44634533527 0.131581649984 -1.56240437923 1.94224312428 -1.741474904 1.49462343173 
0.375394446483 1.47030391362 0.133052842665 -1.53786183948 1.94416156156 -1.74345820742 1.49527194551 
0.380531671956 1.49427962736 0.134523136427 -1.51268696345 1.94595484149 -1.74559394952 1.49532641105 
0.385724672989 1.51828774742 0.135994256901 -1.48686156198 1.94762460984 -1.74788583345 1.49478457551 
0.39097991856 1.54234484747 0.13746790679 -1.46036473646 1.94917230068 -1.7503377071 1.493642752 
0.396304479134 1.56646893834 0.138945768129 -1.43317255204 1.95059912978 -1.7529536347 1.49189563277 
0.401706102795 1.59067963453 0.140429503911 -1.4052576498 1.95190608757 -1.75573797736 1.48953607415 
0.407193305988 1.61499835987 0.141920758803 -1.37658878353 1.95309393134 -1.75869548469 1.48655484598 
0.41277548226 1.639448601 0.143421158609 -1.34713026229 1.95416317615 -1.76183140088 1.48294033555 
0.418463033321 1.66405622052 0.144932307976 -1.31684127475 1.95511408374 -1.76515158919 1.47867819395 
0.4242675281 1.68884984484 0.146455785707 -1.28567506309 1.95594664882 -1.76866268048 1.47375090823 
0.430201897293 1.71386134764 0.147993136732 -1.25357790428 1.95666058144 -1.77237225292 1.46813727784 
0.436280673427 1.73912645654 0.149545859447 -1.22048784088 1.95725528443 -1.77628905296 1.46181176625 
0.442520290076 1.76468552152 0.151115386517 -1.18633308279 1.95772982373 -1.78042327103 1.4547436876 
0.448939459066 1.79058449852 0.152703056416 -1.15102996974 1.95808288911 -1.78478689106 1.44689617299 
0.455559652096 1.81687622457 0.15431007163 -1.1144803383 1.95831274146 -1.78939414108 1.43822483733 
0.462405724745 1.84362209509 0.155937437383 -1.07656806692 1.95841714093 -1.79426208417 1.42867603264 
0.469506738459 1.87089430759 0.157585871431 -1.03715446299 1.95839324721 -1.79941140851 1.41818451815 
0.476897064248 1.89877892223 0.159255669985 -0.996071980345 1.95823747841 -1.80486750613 1.40667028966 
0.484617897723 1.92738013208 0.160946505545 -0.953115465321 1.95794530634 -1.81066198098 1.39403416381 
0.492719393308 1.95682638097 0.162657116045 -0.908029629837 1.95751095116 -1.81683481552 1.38015146186 
0.501263764146 1.98727940715 0.164384814647 -0.860490553377 1.95692691014 -1.82343758324 1.36486268547 
0.510329953548 2.01894812368 0.166124691433 -0.810077320526 1.95618320109 -1.83053839535 1.34795922359 
0.495598842831 1.99544852442 0.159681161939 -0.855547419911 1.9535977218 -1.81701141882 1.36472299754 
0.48145223341 1.97301239866 0.153067671403 -0.898504494995 1.95069192629 -1.80383829596 1.38011103229 
0.46781472563 1.9514801515 0.146298646354 -0.939282233637 1.94747348655 -1.79096153704 1.39430213068 
0.454625233652 1.93072753155 0.139384040781 -0.978140754948 1.94394800694 -1.7783366544 1.4074366158 
0.441833233062 1.91065522637 0.13233069183 -1.01528798827 1.9401197722 -1.76592839939 1.41962745966 
0.429396262536 1.89118244257 0.125143171033 -1.05089294887 1.93599211737 -1.75370831198 1.43096719272 
0.417278153517 1.87224246065 0.117824374562 -1.08509495042 1.93156767418 -1.74165303069 1.44153270785 
0.405447740538 1.85377947134 0.110375944871 -1.11801017758 1.92684854137 -1.72974309532 1.45138869523 
0.393877899126 1.83574627017 0.102798580029 -1.14973648793 1.92183640674 -1.71796207896 1.46059015773 
0.382544813166 1.81810254302 0.0950922662534 -1.18035699343 1.91653263816 -1.70629594652 1.46918429209 
0.371427406887 1.80081356808 0.0872564568263 -1.2099427803 1.91093835412 -1.69473257209 1.47721192145 
0.36050689744 1.78384921765 0.0792902128461 -1.23855500784 1.90505448086 -1.68326137058 1.4847086043 
0.349766437495 1.76718317978 0.0711923164464 -1.26624655124 1.89888180059 -1.6718730126 1.49170550514 
0.339190826165 1.75079234368 0.0629613638933 -1.29306330407 1.89242099389 -1.6605592011 1.49823008722 
0.328766272551 1.7346563091 0.0545958438521 -1.31904522289 1.8856726784 -1.64931249462 1.50430666997 
0.31848020042 1.71875699079 0.0460942046469 -1.34422717411 1.8786374453 -1.63812616582 1.50995688238 
0.308321085385 1.70307829662 0.0374549133191 -1.36863962716 1.87131589456 -1.62699408733 1.51520003541 
0.298278318119 1.68760586363 0.0286765085598 -1.39230922704 1.86370866977 -1.61591063875 1.5200534304 
0.288342088618 1.67232683993 0.0197576490627 -1.4152592714 1.85581649298 -1.60487063032 1.52453261678 
0.278503287669 1.65722970333 0.0106971584528 -1.43751011113 1.84764020008 -1.59386923958 1.52865160881 
0.26875342253 1.64230410963 0.00149406764723 -1.45907948955 1.83918077681 -1.58290195859 1.53242306935 
0.259084544439 1.62754076507 -0.00785234472533 -1.47998283158 1.83043939568 -1.57196454933 1.5358584664 
0.249489186091 1.61293131857 -0.0173425134011 -1.5002334923 1.82141745394 -1.5610530058 1.53896820757 
0.239960307563 1.59846827039 -0.0269765487581 -1.51984297209 1.81211661241 -1.55016352147 1.54176175599 
0.230491249485 1.5841448945 -0.0367542001186 -1.53882110424 1.8025388355 -1.53929246096 1.54424773091 
0.221075692468 1.56995517234 -0.0466748200098 -1.5571762198 1.79268643201 -1.52843633522 1.54643399543 
0.211707621984 1.5558937364 -0.0567373294038 -1.5749152936 1.7825620968 -1.51759177936 1.5483277334 
0.202381298047 1.54195582194 -0.0669401840398 -1.59204407448 1.77216895304 -1.50675553276 1.54993551722 
0.193091229131 1.52813722596 -0.0772813420028 -1.60856720252 1.76151059494 -1.49592442084 1.55126336784 
0.183832149876 1.51443427223 -0.0877582327981 -1.62448831523 1.75059113046 -1.48509533824 1.55231680826 
0.174599002184 1.50084378165 -0.0983677282174 -1.63981014474 1.739415224 -1.47426523306 1.55310091145 
0.16538691937 1.48736304742 -0.109106115344 -1.6545346072 1.72798813832 -1.46343109196 1.55362034353 
0.156191213068 1.47398981423 -0.119969072089 -1.66866288585 1.71631577559 -1.45258992598 1.55387940294 
0.147007362621 1.46072226124 -0.130951645684 -1.68219550874 1.70440471688 -1.44173875681 1.55388205626 
0.137831006708 1.4475589883 -0.142048234583 -1.69513242175 1.69226225969 -1.43087460375 1.5536319712 
0.128657936971 1.43449900509 -0.15325257425 -1.70747305792 1.67989645293 -1.41999447098 1.55313254708 
0.119484093419 1.42154172297 -0.164557727297 -1.71921640334 1.66731612873 -1.40909533544 1.55238694346 
0.110305561367 1.40868694904 -0.175956078463 -1.73036106021 1.65453093063 -1.39817413522 1.55139810702 
0.101118569696 1.39593488241 -0.187439334864 -1.74090530734 1.6415513373 -1.38722775866 1.550168797 
0.0919194902039 1.38328611214 -0.198998531944 -1.75084715825 1.62838868146 -1.37625303415 1.54870160957 
0.0827048377891 1.37074161679 -0.2106240455 -1.76018441716 1.61505516317 -1.36524672102 1.54699900106 
0.0734712712565 1.35830276516 -0.222305610081 -1.76891473284 1.60156385712 -1.35420550145 1.54506331035 
0.0642155944785 1.34597131804 -0.234032343992 -1.77703565029 1.58792871336 -1.34312597381 1.54289678031 
0.0549347576778 1.33374943054 -0.245792781052 -1.78454466029 1.57416455099 -1.33200464747 1.5405015784 
0.045625858588 1.32163965482 -0.257574909136 -1.79143924672 1.56028704457 -1.32083793954 1.53787981635 
0.0362861432563 1.30964494274 -0.269366215416 -1.79771693134 1.54631270298 -1.30962217343 1.53503356862 
0.026913006267 1.29776864818 -0.281153738129 -1.80337531606 1.53225884061 -1.29835357977 1.53196488977 
0.0175039901794 1.28601452864 -0.292924124513 -1.80841212238 1.51814354097 -1.28702829957 1.52867583017 
0.00805678399682 1.27438674569 -0.304663694495 -1.81282522773 1.50398561279 -1.27564239003 1.52516845002 
-0.00143077948739 1.26288986406 -0.316358509523 -1.81661269862 1.48980453912 -1.26419183285 1.52144483118 
-0.00143077948739 1.26288986406 -0.316358509523 -1.81661269862 1.48980453912 -1.26419183285 1.52144483118 
-0.00165589878027 1.20528328682 -0.302359535134 -1.73405390504 1.42205719865 -1.20684370126 1.45266357622 
-0.00188101807315 1.14767670958 -0.288360560745 -1.65149511146 1.35430985819 -1.14949556968 1.38388232127 
-0.00210613736604 1.09007013234 -0.274361586356 -1.56893631788 1.28656251773 -1.0921474381 1.31510106631 
-0.00233125665892 1.0324635551 -0.260362611967 -1.48637752429 1.21881517727 -1.03479930652 1.24631981135 
-0.0025563759518 0.974856977855 -0.246363637578 -1.40381873071 1.15106783681 -0.977451174937 1.1775385564 
-0.00278149524469 0.917250400615 -0.232364663189 -1.32125993713 1.08332049635 -0.920103043355 1.10875730144 
-0.00300661453757 0.859643823375 -0.2183656888 -1.23870114355 1.01557315589 -0.862754911774 1.03997604649 
-0.00323173383045 0.802037246134 -0.20436671441 -1.15614234997 0.947825815424 -0.805406780192 0.97119479153 
-0.00345685312333 0.744430668894 -0.190367740021 -1.07358355638 0.880078474962 -0.74805864861 0.902413536574 
-0.00368197241622 0.686824091654 -0.176368765632 -0.991024762802 0.8123311345 -0.690710517029 0.833632281618 
-0.0039070917091 0.629217514413 -0.162369791243 -0.90846596922 0.744583794039 -0.633362385447 0.764851026662 
-0.00413221100198 0.571610937173 -0.148370816854 -0.825907175638 0.676836453577 -0.576014253865 0.696069771707 
-0.00435733029487 0.514004359933 -0.134371842465 -0.743348382056 0.609089113116 -0.518666122283 0.627288516751 
-0.00458244958775 0.456397782693 -0.120372868076 -0.660789588474 0.541341772654 -0.461317990702 0.558507261795 
-0.00480756888063 0.398791205452 -0.106373893687 -0.578230794892 0.473594432193 -0.40396985912 0.489726006839 
-0.00503268817352 0.341184628212 -0.0923749192974 -0.49567200131 0.405847091731 -0.346621727538 0.420944751883 
-0.0052578074664 0.283578050972 -0.0783759449083 -0.413113207728 0.338099751269 -0.289273595957 0.352163496927 
-0.00548292675928 0.225971473732 -0.0643769705192 -0.330554414146 0.270352410808 -0.231925464375 0.283382241971 
-0.00570804605216 0.168364896491 -0.05037799613 -0.247995620564 0.202605070346 -0.174577332793 0.214600987015 
-0.00593316534505 0.110758319251 -0.0363790217409 -0.165436826982 0.134857729885 -0.117229201212 0.145819732059 
-0.00615828463793 0.0531517420107 -0.0223800473518 -0.0828780334004 0.067110389423 -0.0598810696299 0.0770384771036 
-0.00638340393081 -0.00445483522955 -0.00838107296266 -0.000319239818491 -0.000636951038614 -0.00253293804824 0.00825722214766 
