0.0 0.0 0.0 0.0 0.0 0.0 0.0 
-0.298482029565 -0.273548304333 0.21106894204 -0.230914226531 -0.149838542638 0.202717133273 -0.311965487383 
-0.483081213403 -0.44272697748 0.341606631331 -0.373725429659 -0.24250768161 0.328089563253 -0.504903649992 
-0.588255001967 -0.539115063436 0.415979350905 -0.455090877599 -0.29530512213 0.399519421004 -0.614828499596 
-0.675063874674 -0.618672348558 0.47736548175 -0.522248701895 -0.3388833402 0.458476557698 -0.705558827055 
-0.749964513873 -0.687316155611 0.530330810004 -0.580193976498 -0.376483602556 0.509346095408 -0.783842985223 
-0.815982928905 -0.747819715954 0.577015151558 -0.631267708697 -0.409624971603 0.55418317943 -0.852843678671 
-0.874541160964 -0.801486280429 0.618424090336 -0.676570030189 -0.439021314706 0.593953603632 -0.914047187074 
-0.933123298886 -0.855174753789 0.659849933934 -0.721890845939 -0.468429658597 0.633740263746 -0.975275681249 
-0.990235104048 -0.907515718778 0.700236044652 -0.766074170255 -0.497099892665 0.672528332278 -1.03496742269 
-1.03546669408 -0.948968883562 0.732221165731 -0.801066620698 -0.5198062363 0.703247830797 -1.0822422789 
-1.07751079408 -0.987500825599 0.761952281267 -0.833593137776 -0.540912453917 0.731802512752 -1.12618565522 
-1.11560080084 -1.02240897996 0.788887294542 -0.86306065534 -0.560033709257 0.757671731704 -1.16599631832 
-1.14940462071 -1.05338899446 0.812791368454 -0.889212256258 -0.577003290681 0.780629942847 -1.20132717277 
-1.18423273012 -1.08530773438 0.837419759709 -0.916156276835 -0.594487067392 0.804283810745 -1.23772858743 
-1.22011616608 -1.11819364404 0.862794415848 -0.943916728179 -0.612500620021 0.828654414494 -1.27523300135 
-1.25077082603 -1.146287564 0.884471589025 -0.967632049008 -0.627889317221 0.849473841367 -1.30727243752 
-1.26321599884 -1.1576931281 0.893272083525 -0.977259990291 -0.634136817481 0.857926108191 -1.32027980151 
-1.25077082603 -1.146287564 0.884471589025 -0.967632049008 -0.627889317221 0.849473841367 -1.30727243752 
-1.22612569947 -1.12370117048 0.867044004534 -0.948565874922 -0.615517417136 0.832735850766 -1.281514006 
-1.19607505742 -1.09616081172 0.845793957306 -0.925317839603 -0.600431938066 0.812326648852 -1.2501058733 
-1.16089866691 -1.0639228844 0.820919282138 -0.89810437882 -0.582773323588 0.788436242275 -1.21334044449 
-1.12675680885 -1.03263306975 0.796776167487 -0.871691261894 -0.565634046349 0.765248449021 -1.17765628151 
-1.08828590202 -0.997375833855 0.76957180408 -0.841929069153 -0.546321578456 0.739120537879 -1.13744751177 
-1.04437521522 -0.957133230527 0.738520748106 -0.807958507194 -0.52427833074 0.709298144346 -1.09155322852 
-0.998691309289 -0.915265534096 0.706215775816 -0.772616132247 -0.501344923669 0.678271450841 -1.04380562374 
-0.952240422085 -0.872694926251 0.673368439468 -0.736680398675 -0.478026490553 0.646723854138 -0.995256390523 
-0.914928418112 -0.838499784142 0.64698358402 -0.707814766294 -0.459295794081 0.62138302376 -0.956258875257 
-0.87157810368 -0.798770742422 0.616328790438 -0.674277724411 -0.437533854352 0.591941212871 -0.910950278321 
-0.813019871621 -0.745104177946 0.57491985166 -0.628975402919 -0.408137511249 0.55217078867 -0.849746769919 
-0.749964513873 -0.687316155611 0.530330810004 -0.580193976498 -0.376483602556 0.509346095408 -0.783842985223 
-0.67888655119 -0.622175697421 0.480068653827 -0.525206033672 -0.340802331031 0.461072767681 -0.70955418699 
-0.593539448919 -0.5439580736 0.419716201089 -0.459179076752 -0.297957924481 0.403108407378 -0.620351663155 
-0.481498900152 -0.44127684292 0.340487712432 -0.372501306917 -0.241713357369 0.327014918972 -0.503249858221 
-0.29602723079 -0.271298567411 0.209333052677 -0.229015124058 -0.148606229016 0.201049931494 -0.30939979692 
0.0 0.0 0.0 0.0 0.0 0.0 0.0 
0.0 0.0 0.0 0.0 0.0 0.0 0.0 
0.160562026312 0.0208686729665 0.0226099614499 0.0120864105642 -0.0129534510769 0.0248277150304 -0.164945526731 
0.253670433765 0.0347812372215 0.034024049029 0.0263380430728 -0.0219541395155 0.0412338096774 -0.268039554168 
0.300966230273 0.0437326641124 0.037977542638 0.0414812063492 -0.0281333973488 0.0516980328703 -0.328549600386 
0.334241580596 0.051367372567 0.039369635612 0.0581592934743 -0.0336843898808 0.0606169069211 -0.377344062686 
0.36015547995 0.0584127791196 0.0392527013067 0.0764464109752 -0.0390472057989 0.0688797980768 -0.420825746749 
0.380062485672 0.0649170385514 0.0379341798464 0.0960134350059 -0.0442347913798 0.076562084217 -0.459941103154 
0.394743419399 0.0708931206861 0.0356095902782 0.116625184948 -0.0492425986178 0.0836917789946 -0.495186616441 
0.405445766469 0.0764521243913 0.0325098250268 0.138211773275 -0.0541312939551 0.0904084271857 -0.527670890853 
0.411787227004 0.0814346767406 0.0287018765748 0.160290914182 -0.058773488724 0.0965285411492 -0.556528391221 
0.405458284413 0.0839839537095 0.0238567604645 0.178548831881 -0.061771695615 0.0998425249392 -0.569407968248 
0.381340274408 0.0826958012487 0.0180847724422 0.188840431299 -0.0619880012434 0.0986533681675 -0.557161079454 
0.348655257238 0.0791572033241 0.0123247830672 0.193332692922 -0.0604766930844 0.0948099598556 -0.530777073074 
0.326275093079 0.0776202896549 0.0072992554581 0.202213968552 -0.0604633528197 0.0933924764093 -0.518697540385 
0.303658639155 0.0755881055523 0.0027761045766 0.208886848156 -0.0599891207084 0.0913843982098 -0.504097299328 
0.269602191651 0.0703106749126 -0.00138001167567 0.205749206693 -0.0568667822351 0.0854520865686 -0.468485921286 
0.235131910662 0.0642856464428 -0.00476107815942 0.198689301686 -0.0529806098642 0.0785674553735 -0.428419155239 
0.199853257504 0.0573411275442 -0.00727574193869 0.18678898094 -0.0481500510714 0.0704949577131 -0.38257927718 
0.168407594469 0.0508040668491 -0.00908472878596 0.174198141514 -0.0434715493376 0.0628502843358 -0.339662044424 
0.134079131595 0.0425153037305 -0.0096709254051 0.152897198303 -0.0370397572725 0.0529264184656 -0.285025448261 
0.0825323868088 0.0274474971331 -0.00744628448669 0.103014112867 -0.0243100608153 0.0343729402763 -0.1845840284 
0.0245748674533 0.0394173629411 -0.0340387158869 0.00496959604691 -0.0388090108265 -0.0283036790413 -0.044147353196 
-0.00544518030729 0.103035650604 -0.106960799371 -0.0960098380223 -0.105208332999 -0.132412856129 0.0529661142593 
-0.011535220583 0.167721704571 -0.176321369763 -0.149016264393 -0.173402453979 -0.213586201787 0.0849333343041 
-0.0273824127677 0.187566799433 -0.202113379167 -0.174337787799 -0.196926726147 -0.244557732186 0.119234028105 
-0.0391338483254 0.172729004157 -0.190784342301 -0.16738117745 -0.184343445156 -0.230358015746 0.132700826043 
-0.0334354117069 0.13665392748 -0.152657611922 -0.125492441927 -0.147789419929 -0.180129740505 0.103699850247 
-0.04457191404 0.128296715657 -0.147238800861 -0.123207181879 -0.141762354262 -0.173008340853 0.118168414819 
-0.0668466330099 0.155461902845 -0.18215090462 -0.153358848079 -0.174851096843 -0.212844221419 0.162591089003 
-0.0660065976776 0.147478496769 -0.174143337861 -0.13782210858 -0.167762904057 -0.199254230415 0.152618803362 
-0.0552740447365 0.103727298783 -0.124685940276 -0.0989379056857 -0.120130696045 -0.141685656311 0.120050063545 
-0.0717748881284 0.107777210159 -0.132808427655 -0.107478264051 -0.127971467837 -0.150121151051 0.146117187383 
-0.106161733586 0.155184183407 -0.192081461071 -0.145621663694 -0.186052636388 -0.212579464506 0.207995252173 
-0.134144159582 0.166503367046 -0.209730092186 -0.162911611319 -0.20371064346 -0.231461348013 0.252909970265 
-0.137769488263 0.146734794029 -0.188109227753 -0.149694126877 -0.183343533709 -0.20697147433 0.251228028451 
-0.111664940674 0.116673360908 -0.149693884553 -0.111120976263 -0.146870934044 -0.161163844791 0.197083677204 
-0.116249599927 0.103538256431 -0.134938509444 -0.102587429722 -0.133421744639 -0.144499465974 0.19839872851 
-0.155108473176 0.121782894402 -0.160667593109 -0.123995097099 -0.160072309325 -0.171013358517 0.257676146903 
-0.188761637735 0.146404448991 -0.192372966895 -0.137746797801 -0.19313987096 -0.20030682272 0.304687677283 
-0.219047341443 0.148472537124 -0.197029185222 -0.145563739227 -0.199882926429 -0.204415771382 0.345429913766 
-0.223293197658 0.132628302535 -0.177664800618 -0.135652141914 -0.18229042531 -0.183675376575 0.344546630518 
-0.199043550657 0.117499660461 -0.155946808753 -0.109802797701 -0.161329829816 -0.157651921119 0.299113723649 
-0.194176243232 0.100476766086 -0.133828036474 -0.0972257301326 -0.140572632378 -0.134568551409 0.28527424739 
-0.211364914183 0.0956204877994 -0.127734637244 -0.0964328268361 -0.136414268829 -0.127877131043 0.304052408053 
-0.203086289192 0.0918610370966 -0.120952125323 -0.0837735675143 -0.13018320397 -0.118458934634 0.285288310132 
-0.2091282587 0.0817041805929 -0.107157987853 -0.0778175762635 -0.117912322776 -0.104424805111 0.287338915019 
-0.250060437406 0.0855197425749 -0.111445868042 -0.084427549047 -0.125382242288 -0.108018629703 0.336681327469 
-0.253268291432 0.0870961685756 -0.111192661147 -0.0761582030218 -0.125980566915 -0.105294821344 0.333258217541 
-0.216870174651 0.0654525389852 -0.0823152297616 -0.0587126441337 -0.0957085267081 -0.0774146346938 0.279669301749 
-0.204075980041 0.0511848474885 -0.0630733151835 -0.0491507358608 -0.0762420441428 -0.0590792868028 0.257539786912 
-0.191167443334 0.0485046216451 -0.058159607962 -0.0399287918422 -0.0706663598452 -0.0530617135325 0.235839316343 
-0.20090051667 0.0413374936414 -0.0475629159723 -0.0362682374772 -0.0610425940299 -0.0430407662607 0.242097368818 
-0.217302304651 0.0371705202535 -0.0408328662795 -0.0345229180016 -0.0555022618509 -0.0366414182518 0.256967333328 
-0.161831057045 0.0282186856567 -0.0299064751047 -0.0211350859127 -0.0407002081591 -0.0259259114254 0.187083128333 
-0.166696046085 0.020874623187 -0.0193641855176 -0.0171035103675 -0.0303722075924 -0.016287575789 0.187473678521 
-0.229257343582 0.022454671483 -0.0177546766228 -0.018792263042 -0.0325510894208 -0.0141973835573 0.252584827996 
-0.21501562619 0.0217757665561 -0.0163532177106 -0.0121499375973 -0.0297243255748 -0.0121342371629 0.231543716705 
-0.209664502288 0.0124190286627 -0.0039558755375 -0.00692539098818 -0.0164225811538 -0.00114868602885 0.219894995003 
-0.266491252973 0.00714367789519 0.00661755471346 -0.00320993113034 -0.00833971886368 0.00896986270056 0.272877138436 
-0.31544537952 0.0095570614052 0.00769624888905 0.00443924640361 -0.00872330797746 0.0117148527276 0.314777222961 
-0.317422332807 -0.00182054215274 0.0226108594088 0.010513643912 0.00731369918806 0.0248658941298 0.309317689625 
-0.275876708158 -0.0126468524586 0.0336747939012 0.014417405046 0.0216582677317 0.033860560386 0.262226544581 
-0.242830135037 -0.0102760293585 0.0289796168299 0.019216689538 0.0197835973657 0.0301740722258 0.224309198245 
-0.192283266113 -0.0139927611072 0.0302109766064 0.0189434766656 0.0238828922342 0.0304028126957 0.173271055647 
-0.194086827029 -0.0235726163498 0.0418787214302 0.0241021034111 0.036943097338 0.0407932162961 0.169003310306 
-0.267556021328 -0.0316687876654 0.0564572687426 0.0396822695603 0.051286929652 0.0561788239452 0.22670578956 
-0.319469411077 -0.052706384424 0.0848834780189 0.0543731263452 0.080800709867 0.0826983128655 0.262724262822 
-0.362636805624 -0.0742189686212 0.112715066717 0.0700389066426 0.110638254577 0.108896391951 0.289220272117 
-0.363458262418 -0.0732106952027 0.110283626769 0.079172679758 0.110694264035 0.108594482584 0.281573444545 
-0.322619118824 -0.079472640753 0.113978408155 0.0785284556936 0.116736236586 0.111498349144 0.24161165703 
-0.32179766203 -0.0957957593638 0.131716321807 0.0874026351946 0.137156546352 0.128275024262 0.232103639861 
-0.360364247613 -0.105887507749 0.143576620293 0.107503571587 0.15240826855 0.142668832052 0.251613343088 
-0.365558000152 -0.127254872284 0.166960257241 0.119934658081 0.17876221386 0.165425523122 0.245531686929 
-0.333321778765 -0.135266839163 0.172598016178 0.119930736425 0.186104577718 0.170850897775 0.214772740458 
-0.292212476179 -0.117157720096 0.147013101926 0.113375051717 0.161132456283 0.14864447482 0.181763992083 
-0.245713507703 -0.113363007639 0.138907640391 0.104608114726 0.152821839665 0.140778451427 0.145645651488 
-0.243880197701 -0.130503470924 0.156297204913 0.11472365022 0.17241917098 0.158855383856 0.136432017086 
-0.246957546346 -0.130621456345 0.153836427985 0.122984061994 0.171909224054 0.159641467382 0.133264860408 
-0.198577474796 -0.119571778537 0.13833968744 0.108562135704 0.154533965661 0.144234935885 0.100615465453 
-0.196780956429 -0.137453914681 0.156226687789 0.119781353996 0.174234809577 0.163669484651 0.0917655229258 
-0.203655275683 -0.140424562383 0.156911018489 0.129873989216 0.176897231082 0.167952248189 0.0911590883582 
-0.152126110895 -0.118663364709 0.130863372899 0.106886022441 0.147030653207 0.140956002699 0.0621943396024 
-0.14958127419 -0.137285741879 0.1493577354 0.119203410972 0.166838522442 0.16183215972 0.0530151315401 
-0.171571800732 -0.155014737986 0.165781509322 0.142085978453 0.186878846944 0.183679956903 0.0577107568226 
-0.134978246292 -0.140069461316 0.148523534126 0.125141226875 0.166193257421 0.165479686351 0.0382186909149 
-0.126936655961 -0.157597489151 0.165715771157 0.136426349673 0.18365507585 0.185655180389 0.0261104361018 
-0.148766094383 -0.18079171402 0.186749445638 0.165084794192 0.208608234657 0.214322391543 0.0279142905874 
-0.130100230268 -0.190743732753 0.196416707684 0.168977559878 0.216590738399 0.226123001114 0.012158956224 
-0.100294417237 -0.180378701601 0.18542145866 0.155165715336 0.201889452009 0.213909293025 -0.00286707619641 
-0.0719419437059 -0.125523146962 0.126827287988 0.11372434635 0.138950363336 0.149929660628 -0.00314799271948 
-0.0522919578685 -0.124614508859 0.126119709279 0.109393224806 0.135422129752 0.149483891897 -0.0150003568994 
-0.0591549379384 -0.17766495198 0.179558541542 0.154569633142 0.190543814332 0.214083554561 -0.0314841452198 
-0.0684937661357 -0.195571706302 0.194360499772 0.179041735372 0.207179727778 0.237587170044 -0.0362539709533 
-0.0456327212916 -0.197607843999 0.197756571165 0.176653178687 0.20644597701 0.241635386116 -0.0508024143038 
-0.0256432829897 -0.21804653752 0.219726875342 0.190984567987 0.224646838971 0.268578460962 -0.0710497142628 
-0.0290286354812 -0.215724284256 0.214059013474 0.198620529848 0.21937849468 0.268093794637 -0.0719803293143 
-0.00414284893268 -0.193655201109 0.194409365344 0.175101456579 0.194362192957 0.243067552639 -0.0778431855723 
0.0181170063631 -0.184501229236 0.187933209033 0.163021675085 0.18289476925 0.233946152704 -0.0872120031 
0.0125341342152 -0.154802994204 0.155456120385 0.143988966101 0.151302967371 0.198268571157 -0.0745165817496 
0.0262599420755 -0.130520310217 0.13353042342 0.119533603513 0.125948245367 0.169536013438 -0.0724249230975 
0.0489475260932 -0.15208856678 0.158716329791 0.137229974047 0.144941375143 0.200492608619 -0.0957064769553 
0.0547639688811 -0.179996582304 0.185434710763 0.171296995587 0.168890866532 0.239976605279 -0.115177694463 
0.078624757056 -0.181350772755 0.192016198905 0.16957404552 0.168456705426 0.245953820854 -0.130397111516 
0.0902919984548 -0.157827354342 0.172253565849 0.144478798522 0.145237033204 0.21793633074 -0.126804611057 
0.0606904164869 -0.109326852128 0.118073896996 0.105701266493 0.0989774341926 0.152843225677 -0.0892998019693 
0.0533880612736 -0.0427180607123 0.134250350213 0.0796158714935 0.0332225125135 0.155332266271 -0.0575606209317 
0.0710885380893 -0.00300872725459 0.21853064888 0.0966986570824 -0.0107582270429 0.2375338983 -0.0565574869841 
0.0823874868218 0.00065745686426 0.27830404165 0.129095687964 -0.0209597446161 0.305108737951 -0.0701602242914 
0.112940115254 -0.00052200254016 0.314191381732 0.139917386238 -0.0235072535673 0.341512718525 -0.0941161570332 
0.142272167129 -0.000699232463909 0.342595166272 0.147011112355 -0.0268706503518 0.369548527016 -0.117259114207 
0.135678593555 0.000922911648633 0.346222650154 0.157846228516 -0.0328302911829 0.377548996611 -0.119741716548 
0.149480215115 -0.000553618626365 0.324195546675 0.142727406503 -0.0302099077449 0.350881981613 -0.130118563046 
0.168770874374 -0.00061600218902 0.316851819954 0.133375291938 -0.0299798539747 0.339813543529 -0.144741181131 
0.149456261799 0.000990277175876 0.293611655854 0.132066213289 -0.0331085915281 0.318600318653 -0.135911592825 
0.146431385185 -0.000402383774656 0.248134304464 0.108045434706 -0.0271999059658 0.267348823922 -0.131773090009 
0.167303923817 -0.000508368249739 0.244321634389 0.101026958496 -0.0267601633373 0.260491104637 -0.148388625027 
0.154680067127 0.000815825335382 0.233422795484 0.103451248369 -0.0301026293312 0.251869267384 -0.143938204138 
0.163571007523 -0.000639599678386 0.208537954297 0.0884205474129 -0.0253934851211 0.222911394869 -0.150138599491 
0.209265281055 -0.000403996171097 0.233929233375 0.0945906033645 -0.0284116578143 0.247722361606 -0.190301386606 
0.219463671453 0.00133578961965 0.251897505901 0.110800958008 -0.0365495404803 0.27062632662 -0.208650259636 
0.236352811374 -0.000585824818821 0.229309850994 0.0963633117516 -0.0306208700451 0.244013059656 -0.22182478374 
0.238218474315 -0.000733980043475 0.196814536404 0.0768457655437 -0.0248137940098 0.206495662309 -0.220369949793 
0.184598303729 0.00104291692437 0.155843072771 0.0673199653234 -0.0244379812587 0.166283711761 -0.177657258805 
0.185031024476 -0.000765154873589 0.126545776678 0.0514428850928 -0.0170635439066 0.133372952977 -0.1756662798 
0.22786949649 -0.00121050876558 0.13132090322 0.0499833896734 -0.0162478017557 0.136622554648 -0.214739159057 
0.205425708474 -0.000363532459474 0.119246198047 0.0523272679458 -0.0186268710011 0.127003209713 -0.200656832066 
0.17341673055 0.00223100072389 0.0855958070192 0.0342250164751 -0.0148448063303 0.0895573464783 -0.167906706339 
0.206444419274 0.00654188474532 0.0840814915934 0.0281402233216 -0.0171755678329 0.0854230908163 -0.197769260512 
0.26029437713 0.00873780731213 0.10486882903 0.0438051405485 -0.0259686661741 0.110275066888 -0.258617564754 
0.293573741944 0.0249672800677 0.108319134743 0.0324969049289 -0.0390395295905 0.108505872941 -0.286997837248 
0.29784602046 0.0396606696179 0.100293037538 0.0174111364736 -0.0490326896873 0.0951362328998 -0.287407680536 
0.262935191439 0.0358231050767 0.0868479084231 0.0232967605733 -0.0478671849737 0.0859284154993 -0.26328060005 
0.230347728285 0.0421599458412 0.0687098380215 0.00926154236918 -0.0491443203629 0.0642328817506 -0.228577841727 
0.248165977452 0.0578304063754 0.0654504932278 -0.00329166901904 -0.0610085084586 0.0562602937894 -0.24348541131 
0.288750867854 0.0684967858468 0.0736000511164 0.00465089808134 -0.0763614433037 0.0668695132043 -0.294225091198 
0.314811472423 0.0900026674987 0.0696008620182 -0.0121742538632 -0.0926220170698 0.0566757389583 -0.316387451877 
0.309324919573 0.102857119538 0.058143735166 -0.0279397027774 -0.0999068729171 0.0403569605268 -0.30705654567 
0.269227207506 0.0909214044967 0.047592475574 -0.0167250270057 -0.0921494092567 0.0357158883641 -0.277490813901 
0.218579109976 0.0832543551633 0.0315871248856 -0.0232079916257 -0.0809349217 0.0191112789379 -0.223637915838 
0.220156586981 0.0958650855339 0.0229084380191 -0.0366723348176 -0.088775468614 0.00633024055639 -0.221882671482 
0.265891299674 0.117404280528 0.0240176207571 -0.0369435411693 -0.11254650341 0.00748808548512 -0.278118382888 
0.296657187318 0.146378097013 0.0152908940737 -0.0589973458772 -0.134394917608 -0.00837817740774 -0.304727989096 
0.294598214116 0.159745539273 0.00399480200101 -0.0746589739256 -0.141954711523 -0.0241381637374 -0.297959688033 
0.25548136429 0.140258189748 -0.000673124635853 -0.0577297687069 -0.128344195606 -0.0216981369942 -0.268010021439 
0.241623459091 0.146154550415 -0.0112545091005 -0.0696024723056 -0.12932463487 -0.0351407486487 -0.24858393482 
0.267038297976 0.175481400314 -0.0237910764817 -0.0919836715069 -0.151355802895 -0.0541613239574 -0.270035496743 
0.259062910458 0.172225582158 -0.0278148635457 -0.0823823033786 -0.152256392884 -0.0540330054321 -0.271218720283 
0.235030331012 0.169895201857 -0.0365121146044 -0.089756156338 -0.146251943214 -0.064007984042 -0.240521298262 
0.250545620331 0.196012112259 -0.0514239129926 -0.112097210003 -0.164783334992 -0.0847052841202 -0.250040528623 
0.255946011361 0.202474993959 -0.0580090999882 -0.107453232232 -0.174108790028 -0.0886828865854 -0.264513177458 
0.233225200293 0.199045825342 -0.0652666907191 -0.113928217432 -0.167439173439 -0.096800097553 -0.234128109395 
0.239671722526 0.221023502055 -0.081257973569 -0.135353737517 -0.182017382209 -0.11766606728 -0.232295305581 
0.242725097708 0.226218639447 -0.0882301844597 -0.130099516785 -0.190247808487 -0.121809258637 -0.243639668945 
0.226812462442 0.228286669143 -0.097201551564 -0.140243951449 -0.188261156442 -0.132287478127 -0.218406935891 
0.215175325267 0.232882003899 -0.106491005927 -0.151339917814 -0.188690107287 -0.143347042672 -0.197685108275 
0.17960653218 0.196438363037 -0.0940582643193 -0.120697579098 -0.162483137879 -0.122124377941 -0.171224316128 
0.145495120195 0.171548690398 -0.0874988291842 -0.110866648954 -0.139940848872 -0.112346702922 -0.131702380254 
0.148755638274 0.189644440672 -0.102384496133 -0.12874694022 -0.15256545647 -0.13024232019 -0.126009099514 
0.163918050996 0.211233112981 -0.118478471703 -0.136112331561 -0.173504951248 -0.146359630286 -0.144627996119 
0.153811949262 0.214009418053 -0.125607396577 -0.144610863731 -0.173772267422 -0.154075475124 -0.125718727207 
0.154424920423 0.234012534381 -0.143806889366 -0.165419722078 -0.188031907006 -0.174951560996 -0.114037092736 
0.158213995459 0.242341461221 -0.153594892691 -0.163598934396 -0.198643254755 -0.182497766802 -0.122191489163 
0.134582180998 0.224620442181 -0.147984596677 -0.157972993448 -0.182818849642 -0.174419815024 -0.0922934142962 
0.123749620074 0.227338432153 -0.155462445955 -0.166815426382 -0.183669633382 -0.181872125932 -0.0712410423822 
0.111039261721 0.206488311781 -0.145091615568 -0.145014803326 -0.170263070972 -0.166224310433 -0.067819727951 
0.0978397092708 0.204313920178 -0.148935068033 -0.150040779925 -0.167653737939 -0.169129142502 -0.0454838402958 
0.108889272162 0.252150212865 -0.189539319699 -0.190649472464 -0.206750070903 -0.213267893661 -0.0354041856698 
0.111800676697 0.262930277893 -0.20253122449 -0.190403641423 -0.220171904628 -0.223575219075 -0.0405083837528 
0.085858798692 0.227767800646 -0.180418563604 -0.170103701252 -0.190867980629 -0.197354268214 -0.0156782833836 
0.0613836299636 0.192452238807 -0.156929511816 -0.150162409981 -0.160934169451 -0.170307202675 0.00736700141832 
0.0394759949491 0.126258523865 -0.104993172572 -0.0948856653878 -0.107618148676 -0.112161730897 0.00344981173125 
0.0 0.0 0.0 0.0 0.0 0.0 0.0 
0.0 0.0 0.0 0.0 0.0 0.0 0.0 
0.229001834219 0.19830095606 -0.216219795433 0.184753726578 0.16620234402 -0.21608473735 0.311332348209 
0.371408653541 0.321616162322 -0.350677990701 0.299644468172 0.269556744026 -0.350458945553 0.504937127018 
0.460983423816 0.399182189882 -0.435253027276 0.371911455343 0.334567300974 -0.434981153745 0.626715730517 
0.531002434153 0.459814178876 -0.501363834393 0.428401278384 0.38538490112 -0.50105066585 0.721907906518 
0.589024738843 0.510057787326 -0.556147547778 0.475212418795 0.427495668826 -0.555800159504 0.800790333068 
0.641356639605 0.55537386957 -0.605558474621 0.5174326644 0.465476519955 -0.605180222637 0.871936547272 
0.694497337895 0.601390318795 -0.655733054893 0.560305430357 0.504044370945 -0.655323462196 0.944182337096 
0.744337273066 0.644548518064 -0.702791108484 0.600515212023 0.540216631658 -0.702352121759 1.01194067669 
0.786100756053 0.680713025798 -0.742223507699 0.63420908676 0.570527256857 -0.741759890186 1.06871892597 
0.822007973418 0.711806381698 -0.776126516467 0.663178253063 0.596587588268 -0.775641722005 1.11753547077 
0.855384793391 0.740708575138 -0.807640365303 0.690105949483 0.620811436668 -0.807135886242 1.1629118922 
0.885622645986 0.766892623398 -0.836190452356 0.714501194916 0.642757121062 -0.835668139961 1.20402082779 
0.912457897782 0.790130236779 -0.861527859253 0.736151295624 0.662233304587 -0.86098972027 1.24050386289 
0.940106284542 0.814071973084 -0.887633014916 0.758457416032 0.682299635949 -0.887078569783 1.27809237044 
0.96859244507 0.83873916794 -0.914529182901 0.781439434195 0.702973997218 -0.913957937526 1.31681984736 
0.992927727942 0.859811967972 -0.93750615993 0.801072614048 0.72063578176 -0.93692056237 1.34990412717 
1.01288557527 0.877094188528 -0.956350033744 0.817174173591 0.735120560974 -0.955752665674 1.37703720013 
1.03846220214 0.899241913146 -0.980499067522 0.837808842931 0.75368327403 -0.979886615161 1.41180911071 
1.04357702109 0.903671019535 -0.985328396117 0.841935368225 0.757395449092 -0.984712927196 1.41876280433 
1.02301443103 0.885865130414 -0.965913534082 0.825345915327 0.742471766583 -0.96531019233 1.39080757213 
1.00285700522 0.868410087652 -0.946881221529 0.809083340189 0.727842139578 -0.946289767994 1.36340316844 
0.973507685543 0.842995452124 -0.919170072758 0.785404943893 0.706541324488 -0.918595928529 1.32350221025 
0.939345557667 0.813413232217 -0.886914749013 0.757843678043 0.681747524259 -0.886360752532 1.27705814779 
0.911697170906 0.789471495913 -0.860809593349 0.735537557635 0.661681192896 -0.860271903019 1.23946964024 
0.885622645986 0.766892623398 -0.836190452356 0.714501194916 0.642757121062 -0.835668139961 1.20402082779 
0.855384793391 0.740708575138 -0.807640365303 0.690105949483 0.620811436668 -0.807135886242 1.1629118922 
0.822007973418 0.711806381698 -0.776126516467 0.663178253063 0.596587588268 -0.775641722005 1.11753547077 
0.788563425638 0.682845540303 -0.74454872014 0.636195915314 0.572314585151 -0.744083650221 1.0720669721 
0.750145257539 0.64957786151 -0.70827491266 0.605200968271 0.544431884505 -0.707832500569 1.01983674203 
0.707946066897 0.613036058786 -0.668431125385 0.571155574022 0.513805036365 -0.66801360105 0.962466139909 
0.664238056021 0.575187714148 -0.627162734664 0.535892896243 0.482083133853 -0.62677098794 0.903044267992 
0.610352342038 0.528526128938 -0.57628472273 0.49241906774 0.442974573855 -0.575924756106 0.829785615167 
0.543137650927 0.470322501207 -0.512821708071 0.438191708795 0.39419226059 -0.512501382559 0.73840596448 
0.467830219715 0.405111077645 -0.44171766025 0.377435302179 0.33953649055 -0.441441748694 0.636024079737 
0.38003690078 0.329087673117 -0.358824640964 0.306605551417 0.275818855073 -0.358600507147 0.516667393209 
0.235605702882 0.204019484359 -0.222455060475 0.190081584974 0.170995224633 -0.222316107638 0.320310433233 
0.0 0.0 0.0 0.0 0.0 0.0 0.0 
