0.0 0.0 0.0 0.0 0.0 0.0 0.0 
-0.12615510868 0.231739852691 0.0802122367171 -0.320836626418 0.166968052136 -0.337446843401 0.224277837531 
-0.206135696954 0.37865970349 0.131065681707 -0.524242595382 0.272823480209 -0.551383459435 0.366466874267 
-0.253399371533 0.465480420458 0.161116981992 -0.644443180701 0.335377615066 -0.67780701819 0.450491967182 
-0.291053347307 0.534648660178 0.185058221073 -0.740204459692 0.385213179047 -0.778526009274 0.517432991999 
-0.322010282921 0.591514813075 0.204741332391 -0.818933881676 0.426185116638 -0.861331377314 0.57246805676 
-0.349640151536 0.642269330665 0.222309020176 -0.889201934452 0.462753634486 -0.935237317747 0.621588280657 
-0.375607491351 0.689969876181 0.238819635005 -0.95524185777 0.497121772197 -1.00469623181 0.667752870274 
-0.401034320974 0.736677534816 0.254986581378 -1.01990716005 0.530774537104 -1.07270935854 0.712956543933 
-0.424630382438 0.780022175115 0.269989484451 -1.07991646792 0.562004254726 -1.1358254427 0.754905488328 
-0.443686649566 0.815027468071 0.282105884856 -1.12838020849 0.587225491002 -1.18679822737 0.788783612074 
-0.452515142046 0.831244913152 0.287719237625 -1.15083275736 0.598910124372 -1.21041318003 0.80447885599 
-0.443686649566 0.815027468071 0.282105884856 -1.12838020849 0.587225491002 -1.18679822737 0.788783612074 
-0.424305386265 0.779425175391 0.269782844624 -1.07908994035 0.561574117743 -1.1349561245 0.754327711975 
-0.403712016098 0.741596310441 0.256689119764 -1.02671705209 0.534318504081 -1.0798718094 0.717716935155 
-0.383090261452 0.703715304797 0.243577347419 -0.97427197665 0.507025323163 -1.02471156989 0.681055696569 
-0.375328025076 0.689456512321 0.238641944103 -0.954531121455 0.49675189467 -1.00394869956 0.667256036712 
-0.366702193532 0.673611344002 0.233157447685 -0.932593978191 0.485335485885 -0.980875835868 0.65192108226 
-0.342186781786 0.628577908843 0.217570001162 -0.870246586301 0.452888995296 -0.915300621397 0.60833772214 
-0.314337088663 0.577419585973 0.199862544044 -0.79941947766 0.416029536636 -0.840806681896 0.558826695478 
-0.281836367858 0.517717586342 0.179197859609 -0.716763913978 0.373014377736 -0.753871909624 0.50104709815 
-0.243945576277 0.448114329279 0.155106047747 -0.620400366989 0.32286538472 -0.65251947018 0.433685063532 
-0.197055697085 0.361980253455 0.125292414921 -0.501150415001 0.26080597329 -0.52709576054 0.35032450194 
-0.121797557395 0.223735275599 0.0774416082514 -0.309754538119 0.161200772017 -0.325791017953 0.216531007542 
0.0 0.0 0.0 0.0 0.0 0.0 0.0 
0.0 0.0 0.0 0.0 0.0 0.0 0.0 
0.0346192875946 0.0293462887782 0.0337267918482 -0.0751970405932 0.0399000132256 -0.0961757267154 0.0822388856966 
0.119852995634 0.0491333629832 0.114508908145 -0.0757659108281 0.140513864619 -0.197974062346 0.0722948757567 
0.170636832298 0.0734816372663 0.163245935651 -0.0974438839266 0.199782557336 -0.276472016434 0.102574373305 
0.20935733359 0.0943881953633 0.200405377275 -0.106575287799 0.24456943149 -0.332377124862 0.125425150637 
0.219163856462 0.102791421488 0.209741293851 -0.0988308267301 0.255267238305 -0.34110929524 0.130888307076 
0.195924475212 0.0953278446106 0.187294527755 -0.0768355735054 0.227303844835 -0.298626421627 0.116632946672 
0.169129024819 0.0851097813318 0.1613464891 -0.0563521301873 0.195242055059 -0.252188369044 0.100343378614 
0.139544063468 0.0722665879902 0.132740981139 -0.0388085266507 0.160178464472 -0.203655536987 0.0825133501762 
0.163112567049 0.0350575541291 0.0626675320924 -0.02585962271 0.186885024468 -0.12186052544 0.0986405617583 
0.222934950926 -0.0103673017453 -0.0200220854479 -0.0180342140841 0.254927268209 -0.0346528317795 0.135118893628 
0.286276016966 -0.0301712289826 -0.0558440785568 -0.0135301127294 0.32481028105 0.0 0.16693799902 
0.367101595027 -0.0339737180125 -0.0631207086025 -0.00979949158455 0.412682059015 0.0 0.203956708105 
0.430245945713 -0.0346107249591 -0.0646704972307 -0.00211917608144 0.479123863648 0.0 0.227218239116 
0.484365986382 -0.0338398629082 -0.0630565451695 0.00837715975273 0.534408127644 0.0 0.242489733403 
0.531588568116 -0.0321234901129 -0.0594745511214 0.0212679023735 0.581037913224 0.0 0.251640960054 
0.574287526443 -0.0295358542018 -0.0547589952284 0.0366386162713 0.6214453533 0.0 0.256189641059 
0.615056809806 -0.026919521063 -0.0495928784522 0.0539069898957 0.658906995573 0.0 0.257684908862 
0.648651854686 -0.0242493216075 -0.0439059722025 0.0723279344503 0.687916115988 0.0 0.254177967138 
0.678562569419 -0.0213046351072 -0.0383938360112 0.0923534756481 0.711897680794 0.0 0.24743987096 
0.706677940886 -0.0184960427912 -0.0334513137481 0.113689340032 0.733114650831 0.0 0.238502361637 
0.732557401045 -0.0161320865955 -0.0291806148331 0.135986342763 0.751347914733 0.0 0.227191730284 
0.756504818731 -0.0134584481418 -0.0259510103535 0.159570436964 0.766270230653 0.0 0.214072507977 
0.777334751021 -0.0109981013617 -0.0237708181827 0.183712889252 0.777186416904 0.0 0.198760707606 
0.793620329525 -0.00925818583643 -0.0226567995201 0.207386024697 0.78327223146 0.0 0.181099510338 
0.794482928713 -0.00730496007262 -0.0225450330587 0.227536140157 0.773405687096 0.0 0.159621411146 
0.783963463699 -0.00560276065973 -0.0234888800687 0.24424512256 0.752292889231 0.0 0.13588903674 
0.773915419296 -0.00422240105528 -0.0257524505035 0.26046320155 0.731728814362 0.0 0.112751168309 
0.764331759679 -0.00306157026105 -0.029269600121 0.27621748765 0.711678454771 0.0 0.0902216190435 
0.751586623655 -0.00212727556815 -0.0338111008539 0.290092087284 0.688890188876 0.0 0.0679184523106 
0.735661079466 -0.00109691135347 -0.0392626793684 0.302121109197 0.66338789733 0.0 0.0460184906204 
0.7207087258 -0.000915376772543 -0.0457843400971 0.31306054409 0.639293810605 0.000148911968995 0.0248081761745 
0.706168320035 -0.000224863226169 -0.0528614930915 0.323432936486 0.615965386557 2.89066180228e-06 0.00486865148792 
0.689315243066 0.000169988853227 -0.061170595531 0.331275346642 0.591324872937 0.000596336177731 -0.0139605238747 
0.667580240746 -0.000177977428322 -0.0706001898606 0.335426602151 0.562869092175 0.00214833995325 -0.0324830911669 
0.641506525005 0.000524985030778 -0.078575635125 0.336948011004 0.531424982502 0.00243185092915 -0.0492676271703 
0.642506308704 0.00123229550544 -0.0900478573265 0.351706720315 0.522986499622 0.00225516618325 -0.0675286114172 
0.671572506677 0.00187518625693 -0.107584753736 0.381751446007 0.537310839022 0.00303332787062 -0.0894011901513 
0.699087277451 0.00165563599893 -0.128733634076 0.410441017304 0.550199332804 0.00572869173066 -0.11269716095 
0.723737277878 0.00242969987748 -0.150363649527 0.438786096859 0.560339186996 0.00727905554222 -0.136875792681 
0.722835318847 0.00643014931214 -0.16222600576 0.455331426103 0.550374273019 0.00272471654886 -0.155918884083 
0.696181961104 0.00894942743124 -0.171250680295 0.453153917125 0.521655763694 0.000651288882232 -0.169091700987 
0.667246754803 0.00948062934793 -0.183379830154 0.445402442798 0.492780713996 0.0028431130552 -0.18056423369 
0.6355574117 0.0110933478444 -0.192223694842 0.435473113142 0.462909629378 0.00317188743561 -0.189398706629 
0.600084819293 0.0129302145442 -0.198549658798 0.421639184595 0.431480467306 0.00310688709043 -0.195206907336 
0.557843660583 0.0148375231517 -0.200806434872 0.401578810195 0.396450613109 0.00268843858964 -0.1965728364 
0.511623406174 0.0166998041589 -0.199615750063 0.377082028575 0.359821380173 0.0020657537564 -0.194189394446 
0.462122976381 0.0182104515594 -0.194803476613 0.348225943858 0.322161706024 0.00152419114009 -0.187869095183 
0.403341197217 0.018885566378 -0.18334739705 0.3102570464 0.279260690758 0.00116264246462 -0.174831317887 
0.33126163836 0.0181806348948 -0.161968815074 0.259689377753 0.228298416845 0.000923476659758 -0.152419550007 
0.215194677907 0.0135542667527 -0.112173923696 0.17147494492 0.147979385325 0.000578472160472 -0.104224339061 
0.0439156750833 0.0244605563295 -0.0550133684523 0.0314195334909 0.0308338238834 0.0395646257885 -0.0138365679792 
-0.0920593353755 0.0721875231891 -0.0618710466092 -0.0844162277699 -0.0634340445766 0.14003008712 0.0742235276079 
-0.151832644716 0.123637780348 -0.105332600457 -0.131233227644 -0.109318350908 0.230359010979 0.119654646352 
-0.186384187604 0.158163496875 -0.13391014606 -0.149639147292 -0.14058086949 0.281839157854 0.14299128601 
-0.214759088517 0.189559604376 -0.159589061064 -0.158893122102 -0.16907342218 0.323518834559 0.16023381644 
-0.239227637748 0.219155379774 -0.183566548566 -0.161736585913 -0.195833071271 0.358868789839 0.173442805056 
-0.260143300088 0.246838747202 -0.205790682483 -0.159079592776 -0.220658405186 0.388449687342 0.183096375644 
-0.280316409646 0.274987639692 -0.228263725571 -0.153057395074 -0.245594769033 0.416470642314 0.191301961299 
-0.28285829563 0.286050584727 -0.236508599568 -0.13637715483 -0.25495258069 0.418046880185 0.18714954477 
-0.266812820503 0.277949153411 -0.228913059281 -0.110902241409 -0.246936305265 0.392046564621 0.170748341968 
-0.249805671336 0.267609625252 -0.219562636651 -0.0871301260757 -0.236740417917 0.364786013439 0.154398303571 
-0.230557216113 0.253578441042 -0.207273699543 -0.0649303074424 -0.223156699376 0.334464562722 0.137403462238 
-0.231951935822 0.261858623902 -0.213198554931 -0.0488291673765 -0.228945135092 0.334013225419 0.132759806022 
-0.255177600594 0.294893871057 -0.239179838852 -0.0363622485264 -0.255993830791 0.364730828574 0.140232006619 
-0.277039235846 0.327279059014 -0.264408187339 -0.0205805284784 -0.281839754747 0.392876341342 0.145831919429 
-0.290148059797 0.34986141311 -0.281518419897 -0.00190844625214 -0.298653768061 0.408103324919 0.145973547485 
-0.300482716998 0.369524728631 -0.296068108777 0.0188617150315 -0.312353561065 0.418922259652 0.143895471996 
-0.314474931989 0.393860861511 -0.314164135591 0.0413431581678 -0.329423130219 0.434416068826 0.142926290072 
-0.325949540336 0.415274350649 -0.329695068665 0.0652404295864 -0.343393275956 0.445938070419 0.140051709468 
-0.336339159189 0.435429833798 -0.343986761991 0.0904489403682 -0.355668074984 0.455499514443 0.136000870409 
-0.343736953501 0.451664970822 -0.354957876034 0.115899396173 -0.364148444978 0.460609435194 0.130183240258 
-0.345954925102 0.460907987182 -0.360229837924 0.140219486232 -0.366469078902 0.45845266327 0.121988488847 
-0.344893532601 0.465418811931 -0.361641943853 0.163193844344 -0.364633399902 0.451750411626 0.112449161956 
-0.34346100505 0.469010900749 -0.362192900783 0.185753776268 -0.36173648248 0.444405401189 0.102677185856 
-0.343489818085 0.47417427745 -0.363811293421 0.208817480889 -0.359726941166 0.43880039947 0.0932414656963 
-0.344128161687 0.479785270041 -0.365613961465 0.232076407091 -0.357710496838 0.433790849184 0.0838178022225 
-0.344967755074 0.485293961323 -0.367173709296 0.255332532994 -0.355266337223 0.428835665577 0.0742660593522 
-0.346006899389 0.490701955913 -0.36849154572 0.278593440969 -0.352402990667 0.423922901267 0.0645735230393 
-0.345529248534 0.49355268852 -0.367745230775 0.300320086546 -0.347417228587 0.416987487765 0.0544829518722 
-0.345255968107 0.496301426222 -0.366773679419 0.321963433848 -0.342064782546 0.41011310394 0.044279460838 
-0.345193574699 0.498934981594 -0.365601125325 0.343325517563 -0.336420999686 0.403364327392 0.0340545156114 
-0.345345701354 0.501494004943 -0.364231028251 0.364637740917 -0.330451703143 0.396670142625 0.0236959102708 
-0.345715556312 0.503967674129 -0.362692472517 0.385708307252 -0.324237892678 0.390093290598 0.0132958448481 
-0.346312120121 0.506395649511 -0.360985995944 0.406768929323 -0.317739137435 0.383564412994 0.00273933869695 
-0.347135356169 0.508769150109 -0.359144584395 0.427633859745 -0.31104104323 0.377144537642 -0.00788069934334 
-0.346469120551 0.508585311871 -0.355398650992 0.446259173032 -0.302605839011 0.368941401076 -0.0185634004894 
-0.347772188686 0.510921989033 -0.353319178615 0.46702016413 -0.295506340463 0.362663180363 -0.0294543222245 
-0.349319451513 0.513253938161 -0.351155977423 0.48767027264 -0.288272295299 0.356480702652 -0.0404474741571 
-0.344165540522 0.505391822914 -0.342019572499 0.4981787108 -0.275365205552 0.343453568204 -0.0505344005637 
-0.331896282728 0.48676766468 -0.325730291025 0.497065457677 -0.256936028726 0.323571439035 -0.0591047710301 
-0.316481088197 0.463275960457 -0.306453730303 0.48938468198 -0.236589789644 0.301145001492 -0.0662773088461 
-0.299022515244 0.436606989421 -0.285421208417 0.476480284012 -0.215438077628 0.277445954829 -0.0720009432692 
-0.279948740217 0.407464526665 -0.263171320825 0.458841995473 -0.193997650677 0.253027616745 -0.0761917540226 
-0.258282646849 0.374518642489 -0.238931840489 0.434659727055 -0.171821163146 0.227186401388 -0.0783717630078 
-0.254363354342 0.367162353902 -0.23118116336 0.439281898832 -0.161794341988 0.217230763564 -0.085474178317 
-0.249978325704 0.359122233581 -0.223328905476 0.441523718937 -0.152234041373 0.207507339084 -0.0915225875178 
-0.223292464775 0.319042820944 -0.195821276463 0.403109966341 -0.129726360685 0.179781157067 -0.0886807553633 
-0.192146832875 0.272912993477 -0.165286011645 0.354068818497 -0.106278153477 0.149877969684 -0.082237732039 
-0.155398369286 0.219313263407 -0.13104017426 0.291877011162 -0.0816891025518 0.117314072969 -0.0712407178013 
-0.092832679397 0.130255322678 -0.076915321068 0.177076936806 -0.0466427668774 0.0680784862338 -0.0449632385913 
-0.0130712853702 -0.0171222910038 -0.0137392283934 -0.0233454351997 -0.00908134057978 0.0143742934774 0.00647396891183 
0.0386540792679 -0.169293943426 0.0219607311972 -0.230068222692 0.0104163186187 -0.0122431526977 0.059267859594 
0.0607692606444 -0.270538815341 0.0351101917727 -0.361328616463 0.0177402618252 -0.0207375598931 0.0885882972325 
0.0742327528126 -0.336374381111 0.0437081654164 -0.44054943213 0.0236239151203 -0.0273852515772 0.101729100674 
0.084883443282 -0.391369424321 0.0509558205307 -0.502385776329 0.0293872868317 -0.0337226266396 0.108522092575 
0.0938908214479 -0.440278826108 0.0574794761408 -0.553715910816 0.0352633031502 -0.0400134704042 0.111038964154 
0.101673792903 -0.484665423362 0.0634880853938 -0.5969765172 0.0412987653471 -0.0463117617409 0.110133167706 
0.108595778818 -0.525989944474 0.0691768227899 -0.634268980689 0.0475655512202 -0.0527014913633 0.106432413122 
0.114946627436 -0.565440807324 0.0747044076258 -0.667261919782 0.054126794767 -0.0592596976744 0.100408440779 
0.119980812948 -0.59911949477 0.0795543292965 -0.691642156001 0.0605498476836 -0.0655280093715 0.0916494495869 
0.124136225522 -0.628997364595 0.0839850727624 -0.709964206096 0.0669729030995 -0.0716750725858 0.0807287735071 
0.127903525561 -0.657317610847 0.0882887502418 -0.725108907704 0.073555962654 -0.0778982077454 0.0682727199597 
0.131033240736 -0.682270897477 0.0922219790135 -0.734988089219 0.0802382921861 -0.0840877838225 0.053939481506 
0.133544157193 -0.70489298133 0.0958690654374 -0.741570514701 0.0866045543119 -0.0899294819719 0.0388351995025 
0.135517800846 -0.725034796415 0.0992919154392 -0.744458788399 0.0928515484636 -0.0957098695675 0.0225931185868 
0.137194048201 -0.74295908506 0.102522079191 -0.743718968099 0.0993043489251 -0.101674524875 0.00489007827573 
0.138193623373 -0.757419808941 0.105287224647 -0.738926997449 0.105305232222 -0.107173434982 -0.0132918640875 
0.138126156324 -0.765866191567 0.107261050915 -0.727719136122 0.11054782198 -0.11195772282 -0.0318544362205 
0.137349030975 -0.770108914414 0.108679362342 -0.712171898112 0.115206179891 -0.116234347476 -0.0505337123741 
0.135879771533 -0.770067686391 0.109510123683 -0.692615252664 0.119172481945 -0.119923180742 -0.0689410202046 
0.133839326998 -0.766338874691 0.109824637124 -0.669807503933 0.122482210877 -0.123082057332 -0.0869196303948 
0.131910914418 -0.762746355075 0.110156696962 -0.647323810886 0.125688705092 -0.126287051685 -0.104683491608 
0.130089419455 -0.759272930781 0.11050008498 -0.625140294785 0.128780271231 -0.129543357334 -0.122238881566 
0.128370189347 -0.755901477907 0.11084855495 -0.603235032317 0.131744762041 -0.132855837876 -0.139590380029 
0.126748984968 -0.752614855869 0.111195819649 -0.581587872506 0.134569566126 -0.136229003539 -0.156740978144 
0.124958704312 -0.747814499766 0.111299332969 -0.559018209291 0.136948648055 -0.139367968527 -0.173307064768 
0.125387145212 -0.755927536219 0.113322291709 -0.545839481461 0.141589951606 -0.145070462612 -0.19307044346 
0.126146409609 -0.765607148766 0.115565560284 -0.533713263365 0.146377736183 -0.151198551721 -0.213267687637 
0.124843440071 -0.762391018435 0.115852646745 -0.512297357094 0.148573051336 -0.154962172661 -0.230111592625 
0.123015505799 -0.755421012006 0.115530092608 -0.488687087922 0.149802594003 -0.158009238668 -0.245480402836 
0.121013276855 -0.746828573909 0.114916286155 -0.464367880824 0.150464625409 -0.160764824485 -0.259969873549 
0.118920943032 -0.737089523191 0.114072233995 -0.439885265863 0.150615989309 -0.163273423616 -0.273517787591 
0.119825631859 -0.745457721599 0.116001156921 -0.425952132188 0.154263782758 -0.170002204763 -0.293984545905 
0.121919414409 -0.760716504238 0.118964557037 -0.415832165902 0.159103361869 -0.17848536051 -0.317248011735 
0.120557638518 -0.753914229234 0.118442056717 -0.393366338697 0.159095610496 -0.182024002606 -0.331541280005 
0.118091041776 -0.73961695524 0.116681757825 -0.367428681893 0.157201126388 -0.183793232009 -0.342107863789 
0.11496522526 -0.720588552078 0.114102480136 -0.340033547064 0.153967325363 -0.184296077008 -0.349645345236 
0.113286991414 -0.710051286383 0.112804209606 -0.31714658137 0.152229557599 -0.186991838243 -0.360822998055 
0.111380987666 -0.697526790027 0.111119776367 -0.294286573624 0.149741305247 -0.189054362228 -0.37014015093 
0.107191368336 -0.670168675134 0.107007297362 -0.265943821648 0.143757398955 -0.18701956715 -0.370866891812 
0.103091397961 -0.642906651417 0.102840349326 -0.238977448607 0.137498184296 -0.184744367217 -0.370422595099 
0.0988332965829 -0.614252987489 0.0983869309968 -0.212855231804 0.130672765415 -0.181776284778 -0.367937000504 
0.0939873873457 -0.581624757203 0.0932391144608 -0.186861129783 0.122772062262 -0.177269349895 -0.361706154535 
0.0884625488055 -0.54457684871 0.0873325358543 -0.161118492509 0.113758732658 -0.170970811957 -0.351216772976 
0.0830170888437 -0.507895685892 0.0814434010187 -0.137230407687 0.104692780335 -0.164290364896 -0.339390477029 
0.0772860011039 -0.469475336946 0.0752440858931 -0.114769687673 0.0952082417699 -0.156465125403 -0.324694384156 
0.0702386894805 -0.423230211609 0.0677707089328 -0.0924914870401 0.0841652344295 -0.145341690232 -0.302700293214 
0.0617191179314 -0.368543515883 0.0589391879943 -0.0709011331351 0.0716123444156 -0.130421569585 -0.272383275654 
0.050628257771 -0.299344139658 0.0477980439558 -0.0497859263374 0.0566346069921 -0.109128649978 -0.228379090236 
0.031151193402 -0.182448356601 0.0290866039657 -0.0261105479987 0.0336017843375 -0.0682808893961 -0.143081379993 
0.0198901136487 0.00443794565412 0.0136249258525 0.0119424117515 0.0238977577111 -0.0203790166614 -0.00125024741486 
0.0366655383799 0.193538253328 0.0174380343743 0.0659245756081 0.0479772698479 -0.000460217584985 0.135532205614 
0.0593380969418 0.313449034468 0.0276009773274 0.11342771655 0.075791650032 -0.000147150570718 0.21277960246 
0.0726576890822 0.383954231721 0.0329623007662 0.148164403098 0.0902021468758 0.000472762756312 0.251337314204 
0.0831997018742 0.439616446078 0.0368090272996 0.180360039679 0.10023262211 0.00108071208743 0.276980911364 
0.0921605050256 0.486685416606 0.0397749489496 0.211555617534 0.107612937146 0.00155469167763 0.294687811934 
0.100015871535 0.527631038559 0.0421228358609 0.242289803313 0.11305430726 0.00182071477065 0.306500006571 
0.10707275002 0.564048494036 0.0440287260815 0.272846624451 0.117037695272 0.00182677785231 0.313802174158 
0.113869287916 0.598748842336 0.045738519647 0.304387567865 0.120214665387 0.00153940064177 0.318364322677 
0.120524892588 0.63234360911 0.0473221950157 0.337034919612 0.122772262324 0.000927879443294 0.320707041589 
0.126355116242 0.661227564821 0.0485266905203 0.368740092846 0.124056318889 -3.74672073079e-05 0.319134690644 
0.131871221743 0.688076055476 0.0495697939534 0.400763000428 0.124641178986 -0.0013687721896 0.31517499275 
0.136977922285 0.712399544156 0.0504353293617 0.432579298781 0.124509792064 -0.00306578988374 0.308845767777 
0.141635536526 0.733985962743 0.051118228642 0.463959445876 0.123658747956 -0.00513283112225 0.300158694177 
0.145030050814 0.748664955351 0.0513513911159 0.491828069545 0.121502083175 -0.00750086633571 0.287844684099 
0.147098427287 0.756151604905 0.0511309525119 0.515661359024 0.118080746759 -0.0101275204329 0.272127216985 
0.14924189567 0.763713120954 0.0509660938408 0.539967371241 0.114641194844 -0.0130475440531 0.256062390133 
0.152225467888 0.775226191242 0.0511098633481 0.567638667317 0.111729405154 -0.0163447288508 0.240800967927 
0.154525629208 0.782939693763 0.0510530443154 0.592908407888 0.108249257748 -0.0198335861813 0.224023600998 
0.155366161385 0.782939693763 0.0505430001194 0.612669295098 0.103691628755 -0.0233816074756 0.204748832256 
0.156259117423 0.782939693763 0.0500884769888 0.632468976079 0.0991886146747 -0.0271215781101 0.185468144809 
0.157206010494 0.782939693763 0.0496867273659 0.652304989866 0.0947373305456 -0.0310399510523 0.16618107758 
0.15820865518 0.782939693763 0.0493350247125 0.67217488923 0.0903347743447 -0.0351234161623 0.146886952717 
0.159269167094 0.782939693763 0.0490306563504 0.692076352934 0.0859778763654 -0.0393589364821 0.12758478376 
0.160389963874 0.782939693763 0.0487709134173 0.712007294715 0.0816635466726 -0.0437337826472 0.108273184693 
0.161573767581 0.782939693763 0.0485530777339 0.731965969798 0.0773887206523 -0.0482355657584 0.0889502789639 
0.162823608499 0.782939693763 0.0483744052902 0.75195107989 0.0731504027582 -0.0528522691365 0.0696136074056 
0.164142830387 0.782939693763 0.0482321059577 0.771961877789 0.0689457086325 -0.0575722794763 0.050260033801 
0.16518829126 0.781306441668 0.0480230279501 0.790325212307 0.0646411263198 -0.062249216576 0.0308414375589 
0.165905751498 0.777797545884 0.0477296114614 0.806703483263 0.0602332238336 -0.0668302007545 0.0114334750186 
0.166687467507 0.774272446252 0.0474630377575 0.822918223277 0.0558858274429 -0.07143772945 -0.00783727480809 
0.167635204696 0.771185638067 0.0472475868096 0.839458879564 0.0516285373284 -0.0761043591203 -0.0269859076595 
0.168749631777 0.768509752663 0.0470778092438 0.856332003044 0.0474507981825 -0.0808259899822 -0.0460510302447 
0.169186956531 0.762430920737 0.0467160368753 0.869176771136 0.0431386618092 -0.0851632555979 -0.0647008701218 
0.167278750748 0.74560630394 0.045707521283 0.869176771136 0.0383651956941 -0.0881727234155 -0.0818844370067 
0.163896454199 0.722166364405 0.044299851203 0.860571060531 0.0334570271653 -0.0901863382972 -0.0974999329764 
0.160729749535 0.699748242302 0.0429556412816 0.852050554981 0.028848518795 -0.0920441188627 -0.112182910489 
0.156993353779 0.674977425831 0.0414623169936 0.839458879564 0.0244092736079 -0.0932822423359 -0.125347990137 
0.152710728452 0.64802116074 0.0398246966326 0.822918223277 0.0201619298061 -0.0938954618718 -0.136943808658 
0.147950498496 0.61932280876 0.0380645613276 0.80274963781 0.0161669160284 -0.0938813242246 -0.146827979622 
0.14204672398 0.586219645459 0.0360133827539 0.775341321944 0.012384993721 -0.0927921946442 -0.154211179848 
0.135131141579 0.549481833441 0.0337145409628 0.74138277509 0.00889365317913 -0.0906652144166 -0.158970528025 
0.134539266994 0.53846768556 0.0329601874834 0.74138277509 0.00600407266318 -0.0925691512403 -0.170485313671 
0.133456122109 0.525831796715 0.0320701985387 0.737893247587 0.00337511592193 -0.0938544215115 -0.18029603258 
0.125094147474 0.48471246656 0.029399278648 0.69351017747 0.000782218909454 -0.0898012814531 -0.179478383577 
0.115920744072 0.441463381067 0.0265662326722 0.643882097788 -0.00137242048621 -0.0847881036378 -0.175736327866 
0.105165726034 0.393388443562 0.0234162364677 0.584848073564 -0.00304989159677 -0.0782488272104 -0.167757054745 
0.0925879734787 0.339993518574 0.0199398470875 0.5151935495 -0.00418008812838 -0.0699776957784 -0.154832772129 
0.0761515345091 0.274438054121 0.0157816475466 0.423748362049 -0.00457315929368 -0.0583828329079 -0.133012823386 
0.0486319761756 0.172237835396 0.00967536518246 0.270528684646 -0.00353432448626 -0.0377416180923 -0.0881731275493 
-0.00728386520928 0.0175391497847 -0.00695798168616 0.0155268351564 -0.00523535546194 0.00876326770772 -0.00287269793446 
-0.08159945701 -0.129624265263 -0.0374660493425 -0.248916773823 -0.0160839510488 0.0756914944636 0.0898977759994 
-0.135384541189 -0.21417547527 -0.0654974350463 -0.407553660107 -0.0301471149266 0.127064139729 0.14366044308 
-0.166763422566 -0.262807745556 -0.0852936054663 -0.494672618883 -0.0421829449205 0.158632893456 0.169489371803 
-0.193376696866 -0.303820703807 -0.104174254003 -0.565369465043 -0.0549832774147 0.186418607051 0.188157331078 
-0.216233431779 -0.338912073133 -0.122231057322 -0.623276304929 -0.0684036502762 0.211168333753 0.20140500086 
-0.235058895895 -0.367698392254 -0.139017728915 -0.668005130997 -0.082061820487 0.232453217133 0.209458653991 
-0.251808221981 -0.393263051118 -0.155413108242 -0.705485748901 -0.0963280425288 0.252049776314 0.214508177841 
-0.267125695919 -0.416612182191 -0.171656518356 -0.737710664014 -0.111262770438 0.270503117055 0.21735704521 
-0.282078007826 -0.439396120526 -0.188370498687 -0.767664675193 -0.127237777527 0.288839869875 0.218978642047 
-0.286250735882 -0.445403443769 -0.198157245802 -0.767664675193 -0.138939880002 0.296179249498 0.21194671126 
-0.279342927226 -0.434180834476 -0.200288962986 -0.737710664014 -0.145476313835 0.291971587039 0.196795117816 
-0.27272728397 -0.423431770306 -0.202247312682 -0.708925448033 -0.151783362569 0.287813614826 0.182501649425 
-0.266407055801 -0.41314388635 -0.204064552925 -0.681263421263 -0.157874040422 0.283725571593 0.16900842733 
-0.259109327488 -0.401333252446 -0.204746228355 -0.65150425281 -0.162937224079 0.278351011793 0.155518704138 
-0.251003978838 -0.388257265151 -0.204396174622 -0.620133328569 -0.167010199507 0.27186926361 0.142160991982 
-0.243266102561 -0.375732304252 -0.203922697195 -0.590149381158 -0.170780661644 0.26554489749 0.129652942419 
-0.247945470516 -0.382316534482 -0.213892029862 -0.589899994467 -0.183409688702 0.272698779704 0.123755457453 
-0.265761425646 -0.409041349963 -0.235535605751 -0.619883941879 -0.206370722736 0.294327076383 0.123968457777 
-0.283687606623 -0.435752396292 -0.258044014678 -0.648198769553 -0.230698511527 0.316235860561 0.123186066918 
-0.297070494072 -0.455296569191 -0.277045222282 -0.66440213461 -0.252399395972 0.333184727752 0.119565052334 
-0.300792822247 -0.459875835823 -0.287331039696 -0.657889026732 -0.266441499649 0.339300413408 0.111629331603 
-0.298904966327 -0.455749256712 -0.292272570981 -0.638540607776 -0.275621763186 0.339010404063 0.101550365886 
-0.295886901149 -0.449807308448 -0.295873982384 -0.616738887979 -0.283466735659 0.337298580702 0.0913521252894 
-0.292057218796 -0.442538579588 -0.298409724681 -0.593231510033 -0.290209592695 0.334525091169 0.0811741857918 
-0.2879304308 -0.434738817124 -0.30031885995 -0.569258385688 -0.296219969639 0.33126657274 0.0712616717309 
-0.293098645792 -0.440804131427 -0.311901271026 -0.562978000384 -0.311859445724 0.338635465613 0.0635384723371 
-0.303849349322 -0.455075034653 -0.329420901299 -0.566616267051 -0.333544927245 0.352397101365 0.0568553453023 
-0.305800929051 -0.455942495797 -0.337459277093 -0.552797692811 -0.345791521341 0.355916254664 0.0482305657203 
-0.303708699815 -0.450617053656 -0.340854086999 -0.531227717267 -0.35329122199 0.354645697043 0.038995274381 
-0.302081120478 -0.44585520597 -0.344455666753 -0.510380029234 -0.360936055111 0.353814749861 0.0300214915452 
-0.299602712103 -0.439719343139 -0.346738158005 -0.488080230053 -0.367115136239 0.351886410863 0.0211934176379 
-0.296325446358 -0.432296248969 -0.347725001177 -0.464505163877 -0.371832961637 0.348923609781 0.012549621375 
-0.293644652429 -0.425636551156 -0.349012339205 -0.441960725145 -0.376771691996 0.346570637256 0.00419497196596 
-0.290594123393 -0.418339930045 -0.349443679492 -0.418999774118 -0.380681194393 0.343694749528 -0.00389193052391 
-0.285554361097 -0.408103866764 -0.347028852722 -0.393470268174 -0.381359832605 0.33838192014 -0.0116216340555 
-0.287809146563 -0.408103866764 -0.35313718482 -0.377630737613 -0.391394323099 0.341658033102 -0.0196032888048 
-0.290119074647 -0.408062514209 -0.358887701208 -0.361924109252 -0.400950347932 0.344938625358 -0.0273764333561 
-0.282963188739 -0.39455842741 -0.35252692536 -0.334306524575 -0.396924380585 0.336916941708 -0.0341211233566 
-0.273574831796 -0.377986766806 -0.342841053256 -0.305006868939 -0.388932816024 0.326169991041 -0.0400515940359 
-0.274407721052 -0.375398156952 -0.345521535402 -0.287103685122 -0.394902900637 0.327573120376 -0.0473124229673 
-0.275134719705 -0.372639631979 -0.347589236901 -0.26965190507 -0.40002207059 0.328810674122 -0.054190031917 
-0.26180958161 -0.350810713121 -0.331456293243 -0.238894262573 -0.384063929452 0.313226794074 -0.0579877124583 
-0.262483359283 -0.347620386242 -0.332587164465 -0.221045015346 -0.388024151911 0.314376830658 -0.0646941062527 
-0.261409437699 -0.342232865935 -0.331063743021 -0.202886897063 -0.388659373708 0.313408693719 -0.070430603102 
-0.240494968119 -0.310951648295 -0.304024740876 -0.170271380677 -0.359149243812 0.288639747978 -0.0703812139748 
-0.215052308073 -0.274456142059 -0.271008875421 -0.137669861599 -0.322083527745 0.258385473439 -0.0678110104912 
-0.18386402763 -0.231479913534 -0.230672811562 -0.105292478902 -0.275749165048 0.221165568215 -0.0620450762675 
-0.150437404761 -0.186697721925 -0.187634974767 -0.0759620286907 -0.225580467559 0.181179878798 -0.0540416982618 
-0.0945512465908 -0.115851299563 -0.117218702059 -0.0422978615623 -0.141589610433 0.114000983582 -0.0356872064557 
0.0 0.0 0.0 0.0 0.0 0.0 0.0 
0.0 0.0 0.0 0.0 0.0 0.0 0.0 
-0.000939664168789 -0.240454009188 0.058432728998 0.344606360272 -0.282782286437 0.239375238364 -0.287097920124 
-0.00153474821532 -0.392732184249 0.0954378484622 0.562843634975 -0.461866722016 0.390970233915 -0.468915422305 
-0.00188901009163 -0.483385516887 0.117467514911 0.692763344412 -0.568478197379 0.481216860211 -0.577153930536 
-0.00217818253573 -0.557382883008 0.135449614922 0.798812576426 -0.655501676226 0.554882245179 -0.665505503379 
-0.0024208711717 -0.619485341994 0.150541133538 0.887814637266 -0.728536330149 0.61670608822 -0.73965476323 
-0.00262297984991 -0.671203651134 0.163109199891 0.96193466684 -0.789358862318 0.668192368778 -0.801405528112 
-0.00280383923293 -0.71748440248 0.174355885319 1.02826186731 -0.843786637209 0.714265486554 -0.856663943217 
-0.00296115782537 -0.757741217127 0.184138693884 1.0859558705 -0.891130052813 0.75434169337 -0.904729882291 
-0.0031122066344 -0.796393634575 0.193531617884 1.14135053386 -0.936586641452 0.792820700941 -0.950880198914 
-0.00325436484916 -0.83277100621 0.202371682999 1.19348471818 -0.979367697007 0.829034869445 -0.994314150259 
-0.00331912031482 -0.849341512834 0.206398481829 1.21723271886 -0.998855189714 0.845531034288 -1.01409904802 
-0.00325436484916 -0.83277100621 0.202371682999 1.19348471818 -0.979367697007 0.829034869445 -0.994314150259 
-0.00311805871251 -0.797891143676 0.193895527572 1.14349668714 -0.938347764292 0.79431149163 -0.95266819883 
-0.00298144746231 -0.762933204551 0.185400398753 1.09339676073 -0.897236010788 0.759510387506 -0.910929025304 
-0.00283187762526 -0.724659246505 0.176099444172 1.03854448599 -0.852224503581 0.72140814142 -0.865230582649 
-0.00262969833878 -0.672922869167 0.163526987067 0.964398561998 -0.791380722582 0.669903873725 -0.803458244651 
-0.00238462389085 -0.610209896266 0.148287107463 0.874521543908 -0.717628083038 0.607472255773 -0.728580041765 
-0.00213093923458 -0.5452936265 0.132511804687 0.781486873695 -0.641284289674 0.542847225808 -0.651071140604 
-0.00185706611246 -0.475211258341 0.115481088335 0.681048416079 -0.558864984735 0.47307927459 -0.567394007485 
-0.00151676925954 -0.388131485252 0.0943198325948 0.556250149005 -0.456456139819 0.386390175455 -0.46342226743 
-0.000937493633962 -0.239898583304 0.0582977549536 0.343810352367 -0.28212908626 0.238822304339 -0.286434751244 
0.0 0.0 0.0 0.0 0.0 0.0 0.0 
